0.8213905863434882,-10,-4,-12,0.8213905863434882,0
10,-10,-4,-12,0.7726811236643512,0
10,-10,-4,-12,0.6591680201294159,0
10,-10,-4,-12,0.6944192271485696,0
10,-10,-4,-12,0.709818466272182,0
10,-10,-4,-12,0.697840949343106,0
10,-10,-4,-12,0.6625684554625776,0
10,-10,-4,-12,0.5864345628389883,0
10,-10,-4,-12,0.6078922543815325,0
10,-10,-4,-12,0.7320942960008074,0
0.9023246447014573,-10,-4,-12,0.9023246447014573,0
0.979401409454007,-10,-4,-12,0.979401409454007,0
10,-10,-4,-12,0.9546161571921999,0
10,-10,-4,-12,0.8087345579176413,0
10,-10,-4,-12,0.6220287668366399,0
10,-10,-4,-12,0.49290195122536273,0
10,-10,-4,-12,0.5333670914539691,0
10,-10,-4,-12,0.5990127783386996,0
10,-10,-4,-12,0.5909216421016552,0
10,-10,-4,-12,0.5521951564471181,0
10,-10,-4,-12,0.5679320968936167,0
10,-10,-4,-12,0.5985631487372997,0
10,-10,-4,-12,0.8376269645018918,0
1.051135102617003,-10,-4,-12,1.051135102617003,0
10,-10,-4,-12,0.9431458646635639,0
10,-10,-4,-12,0.3283265108139661,0
10,-10,-4,-12,-0.3258663899977954,0
10,-10,-4,-12,-0.2838362489889225,0
10,-10,-4,-12,0.2959602266559244,0
10,-10,-4,-12,0.7855968508286826,0
10,-10,-4,-12,0.8379145062728591,0
10,-10,-4,-12,0.5980715637410045,0
10,-10,-4,-12,0.5642272690634486,0
10,-10,-4,-12,0.7051947608133217,0
10,-10,-4,-12,0.6913608064521379,0
10,-10,-4,-12,0.6925210852156974,0
10,-10,-4,-12,0.5677248014264306,0
10,-10,-4,-12,0.4971022708300567,0
10,-10,-4,-12,0.3527108582237964,0
10,-10,-4,-12,0.32264226132626866,0
10,-10,-4,-12,0.43411334103752636,0
10,-10,-4,-12,0.6111355972792852,0
10,-10,-4,-12,0.6954932977909664,0
10,-10,-4,-12,0.7214151917316921,0
10,-10,-4,-12,0.6429817589832708,0
10,-10,-4,-12,0.652888614975564,0
10,-10,-4,-12,0.7253690185532508,0
10,-10,-4,-12,0.7556929910489322,0
10,-10,-4,-12,0.7142870840789652,0
10,-10,-4,-12,0.6554132819518066,0
10,-10,-4,-12,0.6858891277110303,0
10,-10,-4,-12,0.6898842793866864,0
10,-10,-4,-12,0.6355783011619615,0
10,-10,-4,-12,0.514204020004274,0
10,-10,-4,-12,0.8688665798807165,0
1.2447446222595133,-10,-4,-12,1.2447446222595133,0
1.574301701191933,-10,-4,-12,1.574301701191933,0
1.782429167587817,-10,-4,-12,1.782429167587817,0
2.061481616174262,-10,-4,-12,2.061481616174262,0
2.3370196900626876,-10,-4,-12,2.3370196900626876,0
10,-10,-4,-12,2.142533465560028,0
10,-10,-4,-12,1.6253873844832165,0
10,-10,-4,-12,0.7404932332197739,0
10,-10,-4,-12,-0.3316379075068752,0
10,-10,-4,-12,-1.29933420176985,0
10,-10,-4,-12,-1.6058409825735325,0
10,-10,-4,-12,-1.2858650122791133,0
10,-10,-4,-12,-0.7158340889961795,0
10,-10,-4,-12,-0.34151276578541023,0
10,-10,-4,-12,-0.4034947391624332,0
10,-10,-4,-12,-0.5847147844625116,0
10,-10,-4,-12,-0.7151980370453878,0
10,-10,-4,-12,-0.4917242015649441,0
10,-10,-4,-12,0.24680471808158935,0
10,-10,-4,-12,1.4894175905299,0
2.9065750020986663,-10,-4,-12,2.9065750020986663,0
3.917161065114764,-10,-4,-12,3.917161065114764,0
4.083589566546865,-10,0,-12,4.083589566546865,0
10,-10,-4,-12,3.9841750416195816,0
10,-10,-4,-12,3.5682719658672846,0
10,-10,-4,-12,3.0923113068976176,0
10,-10,-4,-12,2.115561186332595,0
10,-10,-4,-12,1.0594341778082057,0
10,-10,-4,-12,0.2743522297222368,0
10,-10,-4,-12,-0.15354176802288202,0
10,-10,-4,-12,-0.34920338889798147,0
10,-10,-4,-12,-0.5951912537404992,0
10,-10,-4,-12,0.024788829474521545,0
10,-10,-4,-12,1.286914620358702,0
10,-10,-4,-12,2.4071907759882736,0
10,-10,-4,-12,2.7671708659547494,0
10,-10,-4,-12,2.5110991101994617,0
10,-10,-4,-12,2.3131278557821116,0
10,-10,-4,-12,2.093063103970296,0
10,-10,-4,-12,1.9415961258312844,0
10,-10,-4,-12,1.9255075310993586,0
10,-10,-4,-12,1.7659931176888366,0
10,-10,-4,-12,1.459918577029154,0
10,-10,-4,-12,1.102064996120249,0
10,-10,-4,-12,0.7277278216248559,0
10,-10,-4,-12,0.24570154030475075,0
10,-10,-4,-12,-0.2511745922099155,0
10,-10,-4,-12,-0.7588087901820808,0
10,-10,-4,-12,-0.9848456440704635,0
10,-10,-4,-12,-1.2892200002775849,0
10,-10,-4,-12,-1.8231577941269077,0
10,-10,-4,-12,-2.5852570067328355,0
10,-10,-4,-12,-2.839953608609507,0
10,-10,-4,-12,-2.0215950315524496,0
10,-10,-4,-12,0.37547155423253226,0
10,-10,-4,-12,2.1984234728904717,0
10,-10,-4,-12,3.0964193642066316,0
10,-10,-4,-12,2.460739692936961,0
10,-10,-4,-12,1.9934282344306045,0
10,-10,-4,-12,1.5944785344336276,0
10,-10,-4,-12,1.2398399839231362,0
10,-10,-4,-12,0.8873273612803141,0
10,-10,-4,-12,0.5137408208227079,0
10,-10,-4,-12,-0.015808689429987182,0
10,-10,-4,-12,-0.6588305614514298,0
10,-10,-4,-12,-1.3076739517909302,0
10,-10,-4,-12,-1.716681048731037,0
10,-10,-4,-12,-2.0422765898550845,0
10,-10,-4,-12,-1.9832151664410544,0
10,-10,-4,-12,-0.46538758151108545,0
10,-10,-4,-12,1.1051978637820512,0
10,-10,-4,-12,2.360158569528583,0
10,-10,-4,-12,2.1244642635927096,0
10,-10,-4,-12,2.0274143194539658,0
10,-10,-4,-12,1.9649772616460262,0
10,-10,-4,-12,1.8442252327437894,0
10,-10,-4,-12,1.4947084734177196,0
10,-10,-4,-12,1.06611909032621,0
10,-10,-4,-12,0.6520000942875217,0
10,-10,-4,-12,0.3524519071432675,0
10,-10,-4,-12,0.1562768815708523,0
10,-10,-4,-12,0.03365815187610461,0
10,-10,-4,-12,-0.11839563169184719,0
10,-10,-4,-12,-0.2948905851965186,0
10,-10,-4,-12,-0.4932408610271133,0
10,-10,-4,-12,-0.7557905092175935,0
10,-10,-4,-12,-1.1215105462649462,0
10,-10,-4,-12,-1.550587273449195,0
10,-10,-4,-12,-1.598489537814449,0
10,-10,-4,-12,-1.035933934325719,0
10,-10,-4,-12,0.07696743333904355,0
10,-10,-4,-12,1.2662877723494264,0
10,-10,-4,-12,2.222246377413037,0
10,-10,-4,-12,2.7712309084648603,0
10,-10,-4,-12,2.8984844418321885,0
10,-10,-4,-12,2.692312171517365,0
10,-10,-4,-12,2.3994682589483265,0
10,-10,-4,-12,2.151868404524929,0
10,-10,-4,-12,1.9885613059226295,0
10,-10,-4,-12,1.8081758965388481,0
10,-10,-4,-12,1.5589480724938702,0
10,-10,-4,-12,1.1617411722455895,0
10,-10,-4,-12,0.6883677437829053,0
10,-10,-4,-12,0.2750068203793789,0
10,-10,-4,-12,-0.04901963062968587,0
10,-10,-4,-12,-0.31995736878491005,0
10,-10,-4,-12,-0.5753405994696639,0
10,-10,-4,-12,-0.7412713619670495,0
10,-10,-4,-12,-0.8423094319658181,0
10,-10,-4,-12,-1.0524349449942665,0
10,-10,-4,-12,-1.3715813073469831,0
10,-10,-4,-12,-1.5534763348109317,0
10,-10,-4,-12,-1.1035698548272146,0
10,-10,-4,-12,-0.040953628194821214,0
10,-10,-4,-12,1.1965194808298358,0
10,-10,-4,-12,2.044094100306357,0
10,-10,-4,-12,2.4555839171362037,0
10,-10,-4,-12,2.6298387269040306,0
10,-10,-4,-12,2.6658508257815727,0
10,-10,-4,-12,2.4815681828964675,0
10,-10,-4,-12,2.1547913612731784,0
10,-10,-4,-12,1.9576642174392476,0
10,-10,-4,-12,1.9366544981685545,0
10,-10,-4,-12,1.932281621418375,0
10,-10,-4,-12,1.7378443033294797,0
10,-10,-4,-12,1.2996757201525269,0
10,-10,-4,-12,0.6306267500881421,0
10,-10,-4,-12,-0.027595435819896135,0
10,-10,-4,-12,-0.384181466537191,0
10,-10,-4,-12,-0.3034694276150171,0
10,-10,-4,-12,0.043408581890214716,0
10,-10,-4,-12,0.18329401692274394,0
10,-10,-4,-12,-0.15812944711304236,0
10,-10,-4,-12,-1.1567941430320405,0
10,-10,-4,-12,-1.7507149744440877,0
10,-10,-4,-12,-0.28338136606319236,0
10,-10,-4,-12,1.8192936077825352,0
10,-10,-4,-12,3.5817142626466194,0
10,-10,-4,-12,3.5090816652680275,0
10,-10,-4,-12,3.165541460874699,0
10,-10,-4,-12,2.780454556348285,0
10,-10,-4,-12,2.4351053651665286,0
10,-10,-4,-12,2.0932733220187587,0
10,-10,-4,-12,1.5772448219152482,0
10,-10,-4,-12,1.3261693769087255,0
10,-10,-4,-12,1.4957118918888952,0
10,-10,-4,-12,1.8610714925401188,0
10,-10,-4,-12,1.9596329191880295,0
10,-10,-4,-12,1.8376011719560783,0
10,-10,-4,-12,1.9684207241706388,0
10,-10,-4,-12,2.3419351465970677,0
10,-10,-4,-12,2.704387474259119,0
10,-10,-4,-12,2.8270181077668473,0
10,-10,-4,-12,2.654444299658874,0
10,-10,-4,-12,2.378671270491944,0
10,-10,-4,-12,2.0258823170726594,0
10,-10,-4,-12,1.6779128313706355,0
10,-10,-4,-12,1.1885863246835326,0
10,-10,-4,-12,0.5977079779684955,0
10,-10,-4,-12,-0.10948861073093585,0
10,-10,-4,-12,-0.9760506391354223,0
10,-10,-4,-12,-1.166707092108054,0
10,-10,-4,-12,0.4182102956300094,0
10,-10,-4,-12,2.5507516453370465,0
4.280921859085702,-10,0,-12,4.280921859085702,0
4.345853929472022,-10,0,-12,4.345853929472022,0
10,-10,0,-12,4.009385061549199,0
10,-10,-4,-12,3.508635089638963,0
10,-10,-4,-12,3.034275370981934,0
10,-10,-4,-12,2.587583701996656,0
10,-10,-4,-12,2.077500813593555,0
10,-10,-4,-12,1.462068067657795,0
10,-10,-4,-12,0.7906343215001314,0
10,-10,-4,-12,0.10335737906276392,0
10,-10,-4,-12,-0.6302567017066526,0
10,-10,-4,-12,-1.3872860882824025,0
10,-10,-4,-12,-0.06342190415103872,0
10,-10,-4,-12,1.3998231290440806,0
10,-10,-4,-12,3.090330726001431,0
10,-10,-4,-12,2.909966499022508,0
10,-10,-4,-12,2.860480359647591,0
10,-10,-4,-12,2.8215976744309432,0
10,-10,-4,-12,2.6569835890073303,0
10,-10,-4,-12,2.237532400387756,0
10,-10,-4,-12,1.629152307416154,0
10,-10,-4,-12,0.979333338358138,0
10,-10,-4,-12,0.34465718858046124,0
10,-10,-4,-12,-0.44921253075885365,0
10,-10,-4,-12,-1.2583631653120866,0
10,-10,-4,-12,-1.8511741911513113,0
10,-10,-4,-12,-2.240076470383453,0
10,-10,-4,-12,-2.450823884181299,0
10,-10,-4,-12,-2.682891665620414,0
10,-10,-4,-12,-1.270696307750124,0
10,-10,-4,-12,0.9113297777297612,0
10,-10,-4,-12,3.445145378258283,0
4.497943296923062,-10,0,-12,4.497943296923062,0
4.578252938682643,-10,0,-12,4.578252938682643,0
10,-10,0,-12,4.231578983187322,0
10,-10,-4,-12,3.8077825113733694,0
10,-10,-4,-12,3.5850382219004238,0
10,-10,-4,-12,3.37296330517012,0
10,-10,-4,-12,2.934373083427662,0
10,-10,-4,-12,2.0514784507654173,0
10,-10,-4,-12,0.835496755685218,0
10,-10,-4,-12,-0.4194051916589994,0
10,-10,-4,-12,-1.3752618514347745,0
10,-10,-4,-12,-1.3517988022912644,0
10,-10,-4,-12,0.09857881051782809,0
10,-10,-4,-12,1.4380190860018836,0
10,-10,-4,-12,2.15239592699468,0
10,-10,-4,-12,1.4336531325526114,0
10,-10,-4,-12,0.8404731622433977,0
10,-10,-4,-12,0.22934640208609283,0
10,-10,-4,-12,-0.08655824542410799,0
10,-10,-4,-12,-0.31393838611341973,0
10,-10,-4,-12,-0.49251680549553467,0
10,-10,-4,-12,-0.6487993699310848,0
10,-10,-4,-12,-0.8506382619257892,0
10,-10,-4,-12,-0.4194858539560998,0
10,-10,-4,-12,1.1278189569364345,0
10,-10,-4,-12,2.609310710253334,0
10,-10,-4,-12,3.3476972128239786,0
10,-10,-4,-12,2.784709752254139,0
10,-10,-4,-12,2.2278056551186975,0
10,-10,-4,-12,1.7544899357535908,0
10,-10,-4,-12,1.3312698870510213,0
10,-10,-4,-12,0.7732498596070703,0
10,-10,-4,-12,0.1572331792718111,0
10,-10,-4,-12,-0.19228536525569206,0
10,-10,-4,-12,-0.20866717039425361,0
10,-10,-4,-12,-0.2432944498914645,0
10,-10,-4,-12,-0.6437071777068626,0
10,-10,-4,-12,-1.2289598541846993,0
10,-10,-4,-12,-1.4717403335462904,0
10,-10,-4,-12,-1.4131594053019108,0
10,-10,-4,-12,-1.2489597536616504,0
10,-10,-4,-12,-1.300006158551288,0
10,-10,-4,-12,-1.3635526144767012,0
10,-10,-4,-12,-0.6675964573449086,0
10,-10,-4,-12,0.37904492356729436,0
10,-10,-4,-12,1.6039656815222516,0
10,-10,-4,-12,2.088185677592791,0
10,-10,-4,-12,2.1710678579621354,0
10,-10,-4,-12,1.9775733831499334,0
10,-10,-4,-12,1.699432755585092,0
10,-10,-4,-12,1.4017385853076687,0
10,-10,-4,-12,1.1426141431193486,0
10,-10,-4,-12,0.9651714427168344,0
10,-10,-4,-12,0.8694146750440349,0
10,-10,-4,-12,0.7510388358436666,0
10,-10,-4,-12,0.43151357739881263,0
10,-10,-4,-12,-0.23978551981355256,0
10,-10,-4,-12,-1.1999049606594794,0
10,-10,-4,-12,-2.0970431906882627,0
10,-10,-4,-12,-2.415725222720648,0
10,-10,-4,-12,-2.0150744364039164,0
10,-10,-4,-12,-1.1725843928533253,0
10,-10,-4,-12,-0.4325903216760374,0
10,-10,-4,-12,0.2283282376080539,0
10,-10,-4,-12,1.0484853612652782,0
10,-10,-4,-12,2.1455090783966138,0
10,-10,-4,-12,3.1260920713835247,0
10,-10,-4,-12,3.6770288086430587,0
10,-10,-4,-12,3.723078289590244,0
10,-10,-4,-12,3.438695912409816,0
10,-10,-4,-12,3.1521307007683297,0
10,-10,-4,-12,2.967475600063157,0
10,-10,-4,-12,2.55042356019788,0
10,-10,-4,-12,1.850282382981136,0
10,-10,-4,-12,0.9728152731895289,0
10,-10,-4,-12,0.28914130936394483,0
10,-10,-4,-12,-0.2870741248149231,0
10,-10,-4,-12,-0.8520782898936395,0
10,-10,-4,-12,-1.3624833838443549,0
10,-10,-4,-12,-1.7583499987598,0
10,-10,-4,-12,-1.8150767995752577,0
10,-10,-4,-12,-1.6992678303608164,0
10,-10,-4,-12,-1.5293965664647444,0
10,-10,-4,-12,-1.5077177249642564,0
10,-10,-4,-12,-1.214309152880107,0
10,-10,-4,-12,-0.3828905495722678,0
10,-10,-4,-12,0.770461364556411,0
10,-10,-4,-12,1.6430669554896387,0
10,-10,-4,-12,1.8470695349194812,0
10,-10,-4,-12,1.6406618623817517,0
10,-10,-4,-12,1.3684331439572925,0
10,-10,-4,-12,1.2715358076459322,0
10,-10,-4,-12,1.3737141758144737,0
10,-10,-4,-12,1.653828331701255,0
10,-10,-4,-12,2.0304291522116076,0
10,-10,-4,-12,2.243374928884831,0
10,-10,-4,-12,2.157509623082611,0
10,-10,-4,-12,1.8193888823915565,0
10,-10,-4,-12,1.4548634139932777,0
10,-10,-4,-12,1.1880697562067737,0
10,-10,-4,-12,0.9435346743611815,0
10,-10,-4,-12,0.6494856219385576,0
10,-10,-4,-12,0.2653955257178876,0
10,-10,-4,-12,-0.06476151464322978,0
10,-10,-4,-12,-0.15484710238670585,0
10,-10,-4,-12,-0.12568273347766057,0
10,-10,-4,-12,-0.17403176979226817,0
10,-10,-4,-12,-0.5604966356135918,0
10,-10,-4,-12,-1.3411980131029528,0
10,-10,-4,-12,-2.119725256368556,0
10,-10,-4,-12,-2.3414331709144114,0
10,-10,-4,-12,-1.7183254464317406,0
10,-10,-4,-12,-0.6934500639731235,0
10,-10,-4,-12,0.05188747075937037,0
10,-10,-4,-12,0.5396317512423651,0
10,-10,-4,-12,1.10898808913375,0
10,-10,-4,-12,1.8883287952036418,0
10,-10,-4,-12,2.575894696318073,0
10,-10,-4,-12,2.89435927892619,0
10,-10,-4,-12,2.8837481121778445,0
10,-10,-4,-12,2.7406804373618665,0
10,-10,-4,-12,2.5297491330203887,0
10,-10,-4,-12,2.290627257370141,0
10,-10,-4,-12,1.987423791532196,0
10,-10,-4,-12,1.7161836582919003,0
10,-10,-4,-12,1.5502880883220473,0
10,-10,-4,-12,1.5147586721819029,0
10,-10,-4,-12,1.4810084056577262,0
10,-10,-4,-12,1.3335273887297532,0
10,-10,-4,-12,0.9491533215487652,0
10,-10,-4,-12,0.32737834210133016,0
10,-10,-4,-12,-0.35148612574798554,0
10,-10,-4,-12,-0.8901110122933075,0
10,-10,-4,-12,-1.119197692782122,0
10,-10,-4,-12,-0.9912227435501416,0
10,-10,-4,-12,-0.5651569162377504,0
10,-10,-4,-12,-0.15757904137127457,0
10,-10,-4,-12,-0.14068094350009697,0
10,-10,-4,-12,-0.48941833063235785,0
10,-10,-4,-12,-0.2177309104223485,0
10,-10,-4,-12,0.30763801926009854,0
10,-10,-4,-12,0.9515642369646118,0
10,-10,-4,-12,1.0040613430182246,0
10,-10,-4,-12,1.1371524372244417,0
10,-10,-4,-12,1.4789004372344585,0
10,-10,-4,-12,1.8305034217546685,0
10,-10,-4,-12,2.007641116797586,0
10,-10,-4,-12,1.9922842494071435,0
10,-10,-4,-12,1.9095423764469697,0
10,-10,-4,-12,1.7218602403276375,0
10,-10,-4,-12,1.3788731924891093,0
10,-10,-4,-12,0.9103257406022732,0
10,-10,-4,-12,0.4886400346492004,0
10,-10,-4,-12,0.15812055797529853,0
10,-10,-4,-12,-0.0734392358062366,0
10,-10,-4,-12,-0.10774543529019796,0
10,-10,-4,-12,-0.1006448012318198,0
10,-10,-4,-12,-0.42527977716696513,0
10,-10,-4,-12,-1.278781117338794,0
10,-10,-4,-12,-2.2094128822433934,0
10,-10,-4,-12,-2.3754866241405264,0
10,-10,-4,-12,-1.6574144371164061,0
10,-10,-4,-12,-0.39557220518532227,0
10,-10,-4,-12,0.7482791901248707,0
10,-10,-4,-12,1.5513188184297422,0
10,-10,-4,-12,2.152852278009379,0
10,-10,-4,-12,2.683392469775782,0
10,-10,-4,-12,3.1133376895866838,0
10,-10,-4,-12,3.3146278375092035,0
10,-10,-4,-12,3.2219047193962087,0
10,-10,-4,-12,2.9493096306989255,0
10,-10,-4,-12,2.555128871413175,0
10,-10,-4,-12,2.179947165641636,0
10,-10,-4,-12,1.9010747320846448,0
10,-10,-4,-12,1.6151736747005752,0
10,-10,-4,-12,1.3215809632941566,0
10,-10,-4,-12,1.2856245823137755,0
10,-10,-4,-12,1.411771067477982,0
10,-10,-4,-12,1.5949760002629523,0
10,-10,-4,-12,1.6640424947417198,0
10,-10,-4,-12,1.9858693563588776,0
10,-10,-4,-12,2.468632524414294,0
10,-10,-4,-12,2.951824800068897,0
10,-10,-4,-12,3.1076487155403996,0
10,-10,-4,-12,2.897858085839688,0
10,-10,-4,-12,2.3860535650842207,0
10,-10,-4,-12,1.7681160348327503,0
10,-10,-4,-12,1.3195885110319898,0
10,-10,-4,-12,1.108183932854553,0
10,-10,-4,-12,1.097541166799256,0
10,-10,-4,-12,1.0355102615415672,0
10,-10,-4,-12,0.630666420247706,0
10,-10,-4,-12,0.0666051970120739,0
10,-10,-4,-12,0.2619194333700634,0
10,-10,-4,-12,0.7947899885298164,0
10,-10,-4,-12,1.3020229435556971,0
10,-10,-4,-12,1.0916187863903517,0
10,-10,-4,-12,0.7853145493608729,0
10,-10,-4,-12,0.508758840487801,0
10,-10,-4,-12,0.04348398192690295,0
10,-10,-4,-12,-0.7093891363174957,0
10,-10,-4,-12,-1.381548699882954,0
10,-10,-4,-12,-2.0017639077220415,0
10,-10,-4,-12,-2.259484160812763,0
10,-10,-4,-12,-2.2034835280612324,0
10,-10,-4,-12,-0.7170298802963901,0
10,-10,-4,-12,1.3248287752979586,0
10,-10,-4,-12,3.5210924169849123,0
10,-10,0,-12,4.452911974039,0
10,-10,0,-12,4.1431876921098585,0
10,-10,-4,-12,3.0547344853778178,0
10,-10,-4,-12,2.074259371295204,0
10,-10,-4,-12,1.6877629172274276,0
10,-10,-4,-12,1.5796636515040394,0
10,-10,-4,-12,1.356986355771211,0
10,-10,-4,-12,1.211211084145949,0
10,-10,-4,-12,1.1182351854551464,0
10,-10,-4,-12,1.0384100729352825,0
10,-10,-4,-12,0.9545100694674175,0
10,-10,-4,-12,0.7006800269786746,0
10,-10,-4,-12,0.23148350079706184,0
10,-10,-4,-12,-0.42531043485543724,0
10,-10,-4,-12,-0.9825673537458183,0
10,-10,-4,-12,-1.321484972517938,0
10,-10,-4,-12,-1.4666240787700422,0
10,-10,-4,-12,-1.4544214027835372,0
10,-10,-4,-12,-1.6064280236296675,0
10,-10,-4,-12,-2.0227810693002666,0
10,-10,-4,-12,-2.3670591483206387,0
10,-10,-4,-12,-2.2097471084761824,0
10,-10,-4,-12,-1.4354675671368167,0
10,-10,-4,-12,-0.19954317373676775,0
10,-10,-4,-12,1.1817777928576387,0
10,-10,-4,-12,2.516683065177644,0
10,-10,-4,-12,3.3361637916033686,0
10,-10,-4,-12,3.662656693169098,0
10,-10,-4,-12,3.57915744274525,0
10,-10,-4,-12,3.177244919423145,0
10,-10,-4,-12,2.7108445986467093,0
10,-10,-4,-12,2.3279496371019452,0
10,-10,-4,-12,2.135977754724509,0
10,-10,-4,-12,1.7359635766808366,0
10,-10,-4,-12,1.1385007528331141,0
10,-10,-4,-12,0.4433759381654833,0
10,-10,-4,-12,0.14431167111336798,0
10,-10,-4,-12,0.16638622006075207,0
10,-10,-4,-12,0.23170880571156413,0
10,-10,-4,-12,0.22963498124087164,0
10,-10,-4,-12,0.10094554940434068,0
10,-10,-4,-12,-0.16771286541263045,0
10,-10,-4,-12,-0.6879849549315624,0
10,-10,-4,-12,-1.631276981631449,0
10,-10,-4,-12,-2.695546864103809,0
10,-10,-4,-12,-0.7260181440105891,0
10,-10,-4,-12,1.5653267372762452,0
10,-10,-4,-12,3.9959656936736785,0
10,-10,-4,-12,3.473843993075756,0
10,-10,-4,-12,2.9534106442538985,0
10,-10,-4,-12,2.5698724763045253,0
10,-10,-4,-12,2.174537987076349,0
10,-10,-4,-12,1.7806364998733244,0
10,-10,-4,-12,1.3483239515955365,0
10,-10,-4,-12,1.2718026280239534,0
10,-10,-4,-12,0.8120715038703564,0
10,-10,-4,-12,0.5586184931737609,0
10,-10,-4,-12,-0.10545783588347542,0
10,-10,-4,-12,-0.4597313822568913,0
10,-10,-4,-12,-0.8537542206136669,0
10,-10,-4,-12,0.12370426411506807,0
10,-10,-4,-12,1.5197556440559798,0
10,-10,-4,-12,2.8180021000924937,0
10,-10,-4,-12,2.8400781175869163,0
10,-10,-4,-12,2.47377119910225,0
10,-10,-4,-12,1.9866269355103603,0
10,-10,-4,-12,1.6449115578150648,0
10,-10,-4,-12,1.2557295254027485,0
10,-10,-4,-12,0.6607932864523856,0
10,-10,-4,-12,-0.2956451517625102,0
10,-10,-4,-12,-1.083470373819388,0
10,-10,-4,-12,-1.4449268639979305,0
10,-10,-4,-12,-1.5542216703416483,0
10,-10,-4,-12,0.28831966858863617,0
10,-10,-4,-12,1.8737919740224172,0
10,-10,-4,-12,3.2099210989699998,0
10,-10,-4,-12,2.2724666844109507,0
10,-10,-4,-12,1.6835918173353013,0
10,-10,-4,-12,1.3979261085227759,0
10,-10,-4,-12,1.2773245680826297,0
10,-10,-4,-12,0.764320500178968,0
10,-10,-4,-12,0.03667288589548404,0
10,-10,-4,-12,-0.5612471637062421,0
10,-10,-4,-12,-1.1402686439336998,0
10,-10,-4,-12,-1.1545697925811487,0
10,-10,-4,-12,0.12027524783609482,0
10,-10,-4,-12,1.5277270874379438,0
10,-10,-4,-12,2.626256275283185,0
10,-10,-4,-12,2.473273735802574,0
10,-10,-4,-12,2.407010075865134,0
10,-10,-4,-12,3.1370111516369463,0
10,-10,-4,-12,3.9355098099890515,0
4.713594592744359,-10,0,-12,4.713594592744359,0
10,-10,0,-12,4.395128961231733,0
10,-10,-4,-12,3.5599491046670266,0
10,-10,-4,-12,2.3445604046570123,0
10,-10,-4,-12,1.2051493838202774,0
10,-10,-4,-12,0.5638839032294655,0
10,-10,-4,-12,0.2772247409713722,0
10,-10,-4,-12,0.1037124435940306,0
10,-10,-4,-12,-0.043524417142660025,0
10,-10,-4,-12,-0.24755002716615707,0
10,-10,-4,-12,-0.35643653235010175,0
10,-10,-4,-12,0.22022083507233162,0
10,-10,-4,-12,0.7686677247021914,0
10,-10,-4,-12,1.1735401624507844,0
10,-10,-4,-12,0.8132638404425329,0
10,-10,-4,-12,0.568751609890456,0
10,-10,-4,-12,0.41119565933218677,0
10,-10,-4,-12,0.24759613153785423,0
10,-10,-4,-12,-0.009623294753603628,0
10,-10,-4,-12,-0.3080154542355931,0
10,-10,-4,-12,-0.6535571698157484,0
10,-10,-4,-12,-1.1346221823144418,0
10,-10,-4,-12,-1.8518975507761823,0
10,-10,-4,-12,-2.6698749882480386,0
10,-10,-4,-12,-3.1095670234521733,0
10,-10,-4,-12,-2.210319932813286,0
10,-10,-4,-12,-0.817706722200077,0
10,-10,-4,-12,0.08364937709986707,0
10,-10,-4,-12,-0.2577221245788312,0
10,-10,-4,-12,-0.9057948674000701,0
10,-10,-4,-12,-1.0593429670276475,0
10,-10,-4,-12,-0.875464361753104,0
10,-10,-4,-12,-0.6091063119173824,0
10,-10,-4,-12,-0.38133513422878457,0
10,-10,-4,-12,-0.021072508827571872,0
10,-10,-4,-12,0.28332927738834474,0
10,-10,-4,-12,0.051826078941834254,0
10,-10,-4,-12,0.04907635742898966,0
10,-10,-4,-12,0.4523361885984693,0
10,-10,-4,-12,1.1298474477935152,0
10,-10,-4,-12,1.2435156055785366,0
10,-10,-4,-12,0.9780207043563197,0
10,-10,-4,-12,0.9567539144069418,0
10,-10,-4,-12,1.0567586883551365,0
10,-10,-4,-12,1.0616952515206726,0
10,-10,-4,-12,0.7132632004630449,0
10,-10,-4,-12,-0.14517987801421203,0
10,-10,-4,-12,-1.102601210107433,0
10,-10,-4,-12,-1.5927771432971574,0
10,-10,-4,-12,-1.5378299134217563,0
10,-10,-4,-12,-1.4758536422168407,0
10,-10,-4,-12,-1.5623638833494002,0
10,-10,-4,-12,-0.08190606502195437,0
10,-10,-4,-12,1.8063206701410641,0
10,-10,-4,-12,3.8067669149530463,0
10,-10,0,-12,4.029783000474489,0
10,-10,-4,-12,3.3680275324210474,0
10,-10,-4,-12,2.005513834417236,0
10,-10,-4,-12,0.723288386550411,0
10,-10,-4,-12,-0.040261241647531,0
10,-10,-4,-12,-0.18582312200562257,0
10,-10,-4,-12,-0.2896940509488868,0
10,-10,-4,-12,-0.3766467017393182,0
10,-10,-4,-12,-1.1107250881341997,0
10,-10,-4,-12,-0.3112643898488514,0
10,-10,-4,-12,0.7240486130917029,0
10,-10,-4,-12,2.349105546851748,0
10,-10,-4,-12,2.138301157159454,0
10,-10,-4,-12,1.4616610285442555,0
10,-10,-4,-12,0.490264249336179,0
10,-10,-4,-12,-0.3697112701760434,0
10,-10,-4,-12,-1.8039308191148014,0
10,-10,-4,-12,-2.9581576220808987,0
10,-10,-4,-12,-2.5207795453196815,0
10,-10,-4,-12,-0.11158931083612966,0
10,-10,-4,-12,2.0526306038047184,0
10,-10,-4,-12,2.6350917591049723,0
10,-10,-4,-12,1.9574206452828788,0
10,-10,-4,-12,0.5949726246222353,0
10,-10,-4,-12,-1.2827165986677078,0
10,-10,-4,-12,-1.2376078746823365,0
10,-10,-4,-12,-0.42788044467775727,0
10,-10,-4,-12,0.9138715259323589,0
10,-10,-4,-12,0.2974002052487055,0
10,-10,-4,-12,-0.3720490003791359,0
10,-10,-4,-12,-0.9374472256683051,0
10,-10,-4,-12,-1.1465926880110264,0
10,-10,-4,-12,-1.092013299301443,0
10,-10,-4,-12,-0.9393057823039977,0
10,-10,-4,-12,-0.9200658617312766,0
10,-10,-4,-12,-0.7226466880623907,0
10,-10,-4,-12,-0.22283084709127732,0
10,-10,-4,-12,0.6355510953044037,0
10,-10,-4,-12,1.7090919633835042,0
10,-10,-4,-12,2.755637605487775,0
10,-10,-4,-12,3.472242242730758,0
10,-10,-4,-12,3.686155362828957,0
10,-10,-4,-12,3.585270622755918,0
10,-10,-4,-12,3.454556161710452,0
10,-10,-4,-12,3.2905855275269182,0
10,-10,-4,-12,2.91115184380544,0
10,-10,-4,-12,2.2582387453785526,0
10,-10,-4,-12,1.3447889743058108,0
10,-10,-4,-12,0.7290557771745284,0
10,-10,-4,-12,0.9099748521813003,0
10,-10,-4,-12,1.0716149770532806,0
10,-10,-4,-12,0.8479499982205129,0
10,-10,-4,-12,0.03576730435025669,0
10,-10,-4,-12,-0.43503813617718484,0
10,-10,-4,-12,-0.7703088429076543,0
10,-10,-4,-12,-1.323532581765506,0
10,-10,-4,-12,-1.1392929880253366,0
10,-10,-4,-12,0.2898379754242358,0
10,-10,-4,-12,1.5362083387164664,0
10,-10,-4,-12,1.627399399759912,0
10,-10,-4,-12,0.36969627846367814,0
10,-10,-4,-12,-0.36139463855872994,0
10,-10,-4,-12,-0.4494303834776272,0
10,-10,-4,-12,0.0589432788063449,0
10,-10,-4,-12,0.4618276061150081,0
10,-10,-4,-12,0.6369065114061238,0
10,-10,-4,-12,0.5206642505976206,0
10,-10,-4,-12,0.3485068071041908,0
10,-10,-4,-12,-0.0037503288984251557,0
10,-10,-4,-12,-0.6888704253015404,0
10,-10,-4,-12,-1.6671803318045704,0
10,-10,-4,-12,-2.8180429061588335,0
10,-10,-4,-12,-1.7411000048520513,0
10,-10,-4,-12,0.5333829773222473,0
10,-10,-4,-12,3.3300036362222585,0
10,-10,-4,-12,3.9857293994785548,0
10,-10,-4,-12,3.4435092156122913,0
10,-10,-4,-12,2.496411124271478,0
10,-10,-4,-12,1.6200944219114255,0
10,-10,-4,-12,1.0784641417585894,0
10,-10,-4,-12,0.7634978928339096,0
10,-10,-4,-12,0.5934157234412928,0
10,-10,-4,-12,0.41603230847450284,0
10,-10,-4,-12,0.2107399280400365,0
10,-10,-4,-12,-0.12501319171378378,0
10,-10,-4,-12,-0.5252484716474829,0
10,-10,-4,-12,-0.9291206927025822,0
10,-10,-4,-12,-1.0893330173144549,0
10,-10,-4,-12,-1.2791411998582427,0
10,-10,-4,-12,-2.0065642956217853,0
10,-10,-4,-12,-1.1998945187988492,0
10,-10,-4,-12,-0.20960112102010187,0
10,-10,-4,-12,1.5419931514559064,0
10,-10,-4,-12,1.560430945983618,0
10,-10,-4,-12,1.3134140292652938,0
10,-10,-4,-12,0.8016526756524701,0
10,-10,-4,-12,0.4118120049860365,0
10,-10,-4,-12,0.27925287380937885,0
10,-10,-4,-12,0.21652974804687194,0
10,-10,-4,-12,0.06085772038626138,0
10,-10,-4,-12,-0.10491233409371115,0
10,-10,-4,-12,-0.09135483244750321,0
10,-10,-4,-12,-0.25357082947111104,0
10,-10,-4,-12,-1.362369537652241,0
10,-10,-4,-12,-2.0662398281992247,0
10,-10,-4,-12,-1.8324388277845831,0
10,-10,-4,-12,-0.28635737190212174,0
10,-10,-4,-12,1.3462769330895237,0
10,-10,-4,-12,2.6412753362190164,0
10,-10,-4,-12,3.4619140364157714,0
10,-10,-4,-12,3.548498262421033,0
10,-10,-4,-12,3.146526870873849,0
10,-10,-4,-12,2.6334236150748604,0
10,-10,-4,-12,1.8970043170926287,0
10,-10,-4,-12,1.1959978597647059,0
10,-10,-4,-12,0.7933580943327495,0
10,-10,-4,-12,0.6667574443037395,0
10,-10,-4,-12,0.4635700615375895,0
10,-10,-4,-12,0.2005436274916544,0
10,-10,-4,-12,0.2320113645550558,0
10,-10,-4,-12,0.5377552673750362,0
10,-10,-4,-12,0.7752388734781125,0
10,-10,-4,-12,0.6324097198596562,0
10,-10,-4,-12,0.22668942049972066,0
10,-10,-4,-12,-0.11888090821972008,0
10,-10,-4,-12,-0.23456004084196602,0
10,-10,-4,-12,-0.2435693884583394,0
10,-10,-4,-12,-0.656362639814301,0
10,-10,-4,-12,-1.1796414818397087,0
10,-10,-4,-12,-1.1653601164367278,0
10,-10,-4,-12,-0.5918004048929997,0
10,-10,-4,-12,0.0019856856257387165,0
10,-10,-4,-12,0.30836601043808604,0
10,-10,-4,-12,0.8253828198770675,0
10,-10,-4,-12,1.7505046322817328,0
10,-10,-4,-12,2.7104760240719408,0
10,-10,-4,-12,3.256004103703893,0
10,-10,-4,-12,3.2327038603943516,0
10,-10,-4,-12,2.9518116659748035,0
10,-10,-4,-12,2.739859255776152,0
10,-10,-4,-12,2.749488350463324,0
10,-10,-4,-12,2.7968558709623856,0
10,-10,-4,-12,2.7207956029704707,0
10,-10,-4,-12,2.5195572580652956,0
10,-10,-4,-12,2.0729807468989696,0
10,-10,-4,-12,1.3219854035977334,0
10,-10,-4,-12,0.40786552887310634,0
10,-10,-4,-12,-0.5079157722971434,0
10,-10,-4,-12,-1.2720291328161442,0
10,-10,-4,-12,-1.9110352464172495,0
10,-10,-4,-12,-2.444385734984609,0
10,-10,-4,-12,-2.5592791015189387,0
10,-10,-4,-12,-2.143450684639565,0
10,-10,-4,-12,-1.0101856735926102,0
10,-10,-4,-12,0.35022481001611055,0
10,-10,-4,-12,1.5184382791030793,0
10,-10,-4,-12,2.1714172657024453,0
10,-10,-4,-12,2.80007607997463,0
10,-10,-4,-12,3.6474591293845786,0
4.760962342479875,-10,0,-12,4.760962342479875,0
5.446931094751864,-10,0,-12,5.446931094751864,0
10,-10,0,-12,5.236406586685655,0
10,-10,0,-12,4.19934496292738,0
10,-10,-4,-12,2.3585574728377763,0
10,-10,-4,-12,0.7995281342129418,0
10,-10,-4,-12,-0.20982409093925533,0
10,-10,-4,-12,-0.6003469891961178,0
10,-10,-4,-12,-0.948793544582916,0
10,-10,-4,-12,-1.136026337144929,0
10,-10,-4,-12,-1.1528290831184453,0
10,-10,-4,-12,-1.5111248952595815,0
10,-10,-4,-12,-2.42999348717142,0
10,-10,-4,-12,-2.154093315040572,0
10,-10,-4,-12,-0.19065716264057553,0
10,-10,-4,-12,1.9538475516456522,0
10,-10,-4,-12,2.753886544981983,0
10,-10,-4,-12,1.8930439497322566,0
10,-10,-4,-12,0.9172994581626707,0
10,-10,-4,-12,0.1119511116576578,0
10,-10,-4,-12,-0.29455449537028455,0
10,-10,-4,-12,-0.6019729419716185,0
10,-10,-4,-12,-0.8579597401905424,0
10,-10,-4,-12,-0.840232465318037,0
10,-10,-4,-12,-0.6027556612934917,0
10,-10,-4,-12,-1.0473784420639773,0
10,-10,-4,-12,-2.7241565714346927,0
10,-4.275085404496866,0,-12,-4.275085404496866,0
10,-10,-4,-12,-2.686405339634726,0
10,-10,-4,-12,0.5187719327141579,0
10,-10,-4,-12,3.9302955644701583,0
10,-10,-4,-12,3.6413665358684053,0
10,-10,-4,-12,2.6060924543398127,0
10,-10,-4,-12,1.1724570457826777,0
10,-10,-4,-12,0.5757390043910577,0
10,-10,-4,-12,-0.08987862102953781,0
10,-10,-4,-12,-0.5910349984034182,0
10,-10,-4,-12,-0.9370284688496842,0
10,-10,-4,-12,-1.2726403115859963,0
10,-10,-4,-12,-1.7186098311085292,0
10,-10,-4,-12,-1.503794973975601,0
10,-10,-4,-12,-0.6843155115873718,0
10,-10,-4,-12,0.26165410817666573,0
10,-10,-4,-12,0.8251218827743574,0
10,-10,-4,-12,1.130233970141022,0
10,-10,-4,-12,1.5898612974933737,0
10,-10,-4,-12,2.372368058119814,0
10,-10,-4,-12,3.1111617755741547,0
10,-10,-4,-12,3.4373047975139195,0
10,-10,-4,-12,3.227793298136369,0
10,-10,-4,-12,2.6820091566003406,0
10,-10,-4,-12,2.0773463655142517,0
10,-10,-4,-12,1.5713662752319877,0
10,-10,-4,-12,1.1819360001885026,0
10,-10,-4,-12,0.7788656566464001,0
10,-10,-4,-12,0.37403622813260723,0
10,-10,-4,-12,0.15971412082914427,0
10,-10,-4,-12,0.14828625179370236,0
10,-10,-4,-12,0.1573113391961308,0
10,-10,-4,-12,-0.016974439935834123,0
10,-10,-4,-12,-0.2522286701822007,0
10,-10,-4,-12,-0.47510662449836055,0
10,-10,-4,-12,-0.8260067786488637,0
10,-10,-4,-12,-1.4007956577863692,0
10,-10,-4,-12,-2.160792406357505,0
10,-10,-4,-12,-2.3452995945032407,0
10,-10,-4,-12,-1.6812129698500058,0
10,-10,-4,-12,-0.38829293846432694,0
10,-10,-4,-12,0.6639581234736555,0
10,-10,-4,-12,1.0654897129238885,0
10,-10,-4,-12,1.353696991633471,0
10,-10,-4,-12,1.9633411087224737,0
10,-10,-4,-12,2.8863636153334937,0
10,-10,-4,-12,3.5317712039827875,0
10,-10,-4,-12,3.5951184802077307,0
10,-10,-4,-12,3.1198673412499787,0
10,-10,-4,-12,2.334411621091703,0
10,-10,-4,-12,1.5105871154015362,0
10,-10,-4,-12,0.992669505630671,0
10,-10,-4,-12,0.807993539126184,0
10,-10,-4,-12,0.6577714696465019,0
10,-10,-4,-12,0.31534477878472916,0
10,-10,-4,-12,0.08443983427076661,0
10,-10,-4,-12,0.048412354596975016,0
10,-10,-4,-12,0.01800175851196271,0
10,-10,-4,-12,-0.26154692524292766,0
10,-10,-4,-12,-0.6321366961602327,0
10,-10,-4,-12,-0.9646526485666614,0
10,-10,-4,-12,-1.2843632565104297,0
10,-10,-4,-12,-1.6640714070675149,0
10,-10,-4,-12,-1.65706396002246,0
10,-10,-4,-12,-1.175313105158904,0
10,-10,-4,-12,-0.650417393060747,0
10,-10,-4,-12,0.05921404538387942,0
10,-10,-4,-12,0.17282312776566888,0
10,-10,-4,-12,-0.11097837545597466,0
10,-10,-4,-12,-0.47322599604529225,0
10,-10,-4,-12,0.21607974413104905,0
10,-10,-4,-12,1.6631093687836431,0
10,-10,-4,-12,2.716534024617514,0
10,-10,-4,-12,2.8621354987911563,0
10,-10,-4,-12,2.7469625872861934,0
10,-10,-4,-12,2.6472149792755095,0
10,-10,-4,-12,2.478460012062424,0
10,-10,-4,-12,2.2504335755709364,0
10,-10,-4,-12,1.9362671036340957,0
10,-10,-4,-12,1.5576489930056088,0
10,-10,-4,-12,1.090601476940878,0
10,-10,-4,-12,0.7552453950464262,0
10,-10,-4,-12,0.5837804866106646,0
10,-10,-4,-12,0.42077230447064085,0
10,-10,-4,-12,0.13113157798632774,0
10,-10,-4,-12,-0.18478639443229739,0
10,-10,-4,-12,-0.6055645142942822,0
10,-10,-4,-12,-1.1857456541294475,0
10,-10,-4,-12,-1.4710403913125545,0
10,-10,-4,-12,-0.9851815413423983,0
10,-10,-4,-12,-0.10298119222837092,0
10,-10,-4,-12,0.36008157698437837,0
10,-10,-4,-12,0.44042406856511,0
10,-10,-4,-12,0.8491824707221726,0
10,-10,-4,-12,1.683110486924203,0
10,-10,-4,-12,2.5618265829473406,0
10,-10,-4,-12,2.942669633211801,0
10,-10,-4,-12,2.8556197967508794,0
10,-10,-4,-12,2.4002695301237034,0
10,-10,-4,-12,1.8172768164709752,0
10,-10,-4,-12,1.28929082925215,0
10,-10,-4,-12,0.9438745424487799,0
10,-10,-4,-12,0.8351670134330242,0
10,-10,-4,-12,0.9118024990907371,0
10,-10,-4,-12,0.8805646093572891,0
10,-10,-4,-12,0.7520292680389086,0
10,-10,-4,-12,0.5447464093353375,0
10,-10,-4,-12,0.2664254606146926,0
10,-10,-4,-12,-0.14057128412426576,0
10,-10,-4,-12,-0.42041040756501885,0
10,-10,-4,-12,-0.4865401986717443,0
10,-10,-4,-12,-0.531473884992165,0
10,-10,-4,-12,-0.8692706627017497,0
10,-10,-4,-12,-1.3720077932781602,0
10,-10,-4,-12,-1.6423136547948338,0
10,-10,-4,-12,-1.4303511116979408,0
10,-10,-4,-12,-0.7789862401366713,0
10,-10,-4,-12,0.12677795751598442,0
10,-10,-4,-12,1.196699836240903,0
10,-10,-4,-12,2.215772361845412,0
10,-10,-4,-12,3.0589711747887107,0
10,-10,-4,-12,3.444850554707529,0
10,-10,-4,-12,3.3090154704807553,0
10,-10,-4,-12,2.756090166237106,0
10,-10,-4,-12,1.9912261822847235,0
10,-10,-4,-12,1.2777994488750817,0
10,-10,-4,-12,0.8581689218856813,0
10,-10,-4,-12,0.8794612295421281,0
10,-10,-4,-12,1.0469513377694466,0
10,-10,-4,-12,1.153067179904723,0
10,-10,-4,-12,1.0570980710303524,0
10,-10,-4,-12,1.4639265170369278,0
10,-10,-4,-12,1.9793635838403605,0
10,-10,-4,-12,2.269353522157377,0
10,-10,-4,-12,1.8815132362104314,0
10,-10,-4,-12,1.3397327283351335,0
10,-10,-4,-12,1.0640545533557535,0
10,-10,-4,-12,0.9900179645500332,0
10,-10,-4,-12,0.9014541364566805,0
10,-10,-4,-12,0.7867817094429125,0
10,-10,-4,-12,0.6504634618936073,0
10,-10,-4,-12,0.578868206923665,0
10,-10,-4,-12,0.5082782489027265,0
10,-10,-4,-12,0.2024309334406071,0
10,-10,-4,-12,-0.26533890464914517,0
10,-10,-4,-12,-0.5793432205639505,0
10,-10,-4,-12,-0.604115183166518,0
10,-10,-4,-12,-0.8158594095467556,0
10,-10,-4,-12,-1.575444382381372,0
10,-10,-4,-12,-2.117121584145929,0
10,-10,-4,-12,-0.6303893542212698,0
10,-10,-4,-12,1.1476115027549156,0
10,-10,-4,-12,2.526099140054129,0
10,-10,-4,-12,2.112730311754218,0
10,-10,-4,-12,1.7527150857305263,0
10,-10,-4,-12,1.5467072617916955,0
10,-10,-4,-12,1.496952982487193,0
10,-10,-4,-12,1.5533497413993669,0
10,-10,-4,-12,1.5842987444159677,0
10,-10,-4,-12,1.5357775009212788,0
10,-10,-4,-12,1.4340549690403233,0
10,-10,-4,-12,1.2631080034016635,0
10,-10,-4,-12,1.0545003313359897,0
10,-10,-4,-12,0.7260588712371249,0
10,-10,-4,-12,0.20207936236662605,0
10,-10,-4,-12,-0.7731322715918107,0
10,-10,-4,-12,-2.4322773484505187,0
10,-10,-4,-12,-3.164797530323677,0
10,-10,-4,-12,-1.651477766096657,0
10,-10,-4,-12,1.1400664413340444,0
10,-10,-4,-12,3.5492742367549113,0
4.338416598974451,-10,0,-12,4.338416598974451,7
4.394675594286185,-10,0,0,4.394675594286185,0
10,-10,-4,0,3.932783968393558,0
10,-10,-4,0,3.024972733517256,0
10,-10,-4,0,2.1441558850681277,0
10,-10,-4,0,1.5028556470067018,0
10,-10,-4,0,1.2290825808678063,0
10,-10,-4,0,1.1325902504488805,0
10,-10,-4,0,0.990371348205976,0
10,-10,-4,0,0.7359124001271619,0
10,-10,-4,0,0.5007394113379877,0
10,-10,-4,0,0.2762821876539539,0
10,-10,-4,0,0.018366813782824565,0
10,-10,-4,0,-0.39912567023724704,0
10,-10,-4,0,-0.9124924881555768,0
10,-10,-4,0,-1.5928308798143718,0
10,-10,-4,0,-2.3871356334006406,0
10,-10,-4,0,-2.9846764423277947,0
10,-10,-4,0,-2.589214506691176,0
10,-10,-4,0,-1.4410007653369208,0
10,-10,-4,0,-0.2838376698803992,0
10,-10,-4,0,0.519207278521284,0
10,-10,-4,0,1.4065722282885929,0
10,-10,-4,0,2.554716834556801,0
10,-10,-4,0,3.4144329233642168,0
10,-10,-4,0,3.667756662686467,0
10,-10,-4,0,3.421728691392642,0
10,-10,-4,0,2.8742137237653735,0
10,-10,-4,0,2.2305966982149417,0
10,-10,-4,0,1.5563041094959036,0
10,-10,-4,0,1.0532998879651603,0
10,-10,-4,0,0.8632375837757577,0
10,-10,-4,0,0.8933396694970761,0
10,-10,-4,0,0.9815496699369057,0
10,-10,-4,0,0.863709035882884,0
10,-10,-4,0,0.5941722788475944,0
10,-10,-4,0,0.2541477072465979,0
10,-10,-4,0,-0.10638968027230418,0
10,-10,-4,0,-0.5150451342360313,0
10,-10,-4,0,-0.8296304051492234,0
10,-10,-4,0,-1.4604963908173243,0
10,-10,-4,0,-2.216684273053384,0
10,-10,-4,0,-2.798892899332254,0
10,-10,-4,0,-2.278535025538335,0
10,-10,-4,0,-0.9926902192322921,0
10,-10,-4,0,-0.011912050231579744,0
10,-10,-4,0,0.09577083980952282,0
10,-10,-4,0,0.12216430375952224,0
10,-10,-4,0,0.9718702601089917,0
10,-10,-4,0,2.506750510761249,0
10,-10,-4,0,3.7581918854759695,0
10,-10,0,0,4.051025945225955,0
10,-10,-4,0,3.5212638667568625,0
10,-10,-4,0,2.6602303454104743,0
10,-10,-4,0,1.865096500733636,0
10,-10,-4,0,1.3474014521192024,0
10,-10,-4,0,1.1340453551906304,0
10,-10,-4,0,1.051568094268853,0
10,-10,-4,0,0.9536531946855824,0
10,-10,-4,0,0.7989312504863685,0
10,-10,-4,0,0.6337932540352479,0
10,-10,-4,0,0.3893189804273103,0
10,-10,-4,0,0.05722005702489574,0
10,-10,-4,0,-0.2585171569540871,0
10,-10,-4,0,-0.503115316898958,0
10,-10,-4,0,-0.6801885908796342,0
10,-10,-4,0,-1.0816300163296735,0
10,-10,-4,0,-1.78191642107258,0
10,-10,-4,0,-2.495720816570339,0
10,-10,-4,0,-2.2983314662232335,0
10,-10,-4,0,-1.3432669821148215,0
10,-10,-4,0,-0.10496156172173794,0
10,-10,-4,0,0.7104680633355523,0
10,-10,-4,0,1.37016454584443,0
10,-10,-4,0,1.9425009034076588,0
10,-10,-4,0,2.3887134698291437,0
10,-10,-4,0,2.630560345737807,0
10,-10,-4,0,2.716667894357419,0
10,-10,-4,0,2.594192290140666,0
10,-10,-4,0,2.3284999628101386,0
10,-10,-4,0,1.997432955106447,0
10,-10,-4,0,1.7434110607769968,0
10,-10,-4,0,1.5938751518321095,0
10,-10,-4,0,1.4667812527686384,0
10,-10,-4,0,1.3154844704149644,0
10,-10,-4,0,1.147787164676451,0
10,-10,-4,0,0.9181369052267407,0
10,-10,-4,0,0.5536203470760047,0
10,-10,-4,0,-0.07491053328654251,0
10,-10,-4,0,-0.7350425525370028,0
10,-10,-4,0,-1.1171500895209328,0
10,-10,-4,0,-1.4141762717128838,0
10,-10,-4,0,-1.7417666455519598,0
10,-10,-4,0,-2.061791434838453,0
10,-10,-4,0,-1.6932877664563286,0
10,-10,-4,0,-0.8958348209507863,0
10,-10,-4,0,-0.23995323339709862,0
10,-10,-4,0,0.5300416352127444,0
10,-10,-4,0,1.722032332042294,0
10,-10,-4,0,2.9694590485068857,0
10,-10,-4,0,3.3519594902912697,0
10,-10,-4,0,2.7846139401302015,0
10,-10,-4,0,2.0826758075917877,0
10,-10,-4,0,1.5630538113495973,0
10,-10,-4,0,1.3593504291730067,0
10,-10,-4,0,1.2816318352531142,0
10,-10,-4,0,1.1852845339849496,0
10,-10,-4,0,0.9947026715638808,0
10,-10,-4,0,0.7718987034237021,0
10,-10,-4,0,0.6142092779574754,0
10,-10,-4,0,0.37814611697340667,0
10,-10,-4,0,0.05126207467818641,0
10,-10,-4,-12,-0.33477093076559555,0
10,-10,-4,-12,-0.6596628356188069,0
10,-10,-4,-12,-0.7760494940017143,0
10,-10,-4,-12,-0.9039604387295611,0
10,-10,-4,-12,-1.220758144415808,0
10,-10,-4,-12,-1.4676869831668216,0
10,-10,-4,-12,-1.2341485380556023,0
10,-10,-4,-12,-0.6184159088274864,0
10,-10,-4,-12,0.00602730257823932,0
10,-10,-4,-12,0.5725679205908109,0
10,-10,-4,-12,1.4048287817425666,0
10,-10,-4,-12,2.242799110582223,0
10,-10,-4,-12,2.684086204598696,0
10,-10,-4,-12,2.578752892376175,0
10,-10,-4,-12,2.1640504121397606,0
10,-10,-4,-12,1.6944056072941838,0
10,-10,-4,-12,1.397142398155819,0
10,-10,-4,-12,1.3551685646386267,0
10,-10,-4,-12,1.5034205824050808,0
10,-10,-4,-12,1.551869605397575,0
10,-10,-4,-12,1.341362658117017,0
10,-10,-4,-12,0.9956557084601031,0
10,-10,-4,-12,0.7024588514748418,0
10,-10,-4,-12,0.378211100548083,0
10,-10,-4,-12,-0.10214143534113353,0
10,-10,-4,-12,-0.6532081884973429,0
10,-10,-4,-12,-0.9668710355182958,0
10,-10,-4,-12,-1.27262001267388,0
10,-10,-4,-12,-1.617858657936819,0
10,-10,-4,-12,-1.8346733282008918,0
10,-10,-4,-12,-1.3852358605205286,0
10,-10,-4,-12,-0.5749050160647103,0
10,-10,-4,-12,-0.10709471310358298,0
10,-10,-4,-12,-0.1381936078123062,0
10,-10,-4,-12,0.11449376886326867,0
10,-10,-4,-12,1.1173318645150123,0
10,-10,-4,-12,2.4557578750932345,0
10,-10,-4,-12,3.289429737797216,0
10,-10,-4,-12,3.3576045053108547,0
10,-10,-4,-12,2.8551202104712505,0
10,-10,-4,-12,2.0516419062601425,0
10,-10,-4,-12,1.4325169426875008,0
10,-10,-4,-12,1.2519039350819356,0
10,-10,-4,-12,1.3592982745340947,0
10,-10,-4,-12,1.4468566709931132,0
10,-10,-4,-12,1.3341760733939492,0
10,-10,-4,-12,1.0647725323510846,0
10,-10,-4,-12,0.7778072443613135,0
10,-10,-4,-12,0.4739642092564047,0
10,-10,-4,-12,0.168776345845938,0
10,-10,-4,-12,-0.25357928268603724,0
10,-10,-4,-12,-0.699722223805062,0
10,-10,-4,-12,-0.9156060587283558,0
10,-10,-4,-12,-1.135314640119531,0
10,-10,-4,-12,-1.400211670053207,0
10,-10,-4,-12,-1.7500666951924408,0
10,-10,-4,-12,-1.6489469138401038,0
10,-10,-4,-12,-1.0864838421104686,0
10,-10,-4,-12,-0.29144186145815015,0
10,-10,-4,-12,0.5105220038549177,0
10,-10,-4,-12,1.3154463728980375,0
10,-10,-4,-12,2.075794288799066,0
10,-10,-4,-12,2.6734369294795606,0
10,-10,-4,-12,2.9311945703219657,0
10,-10,-4,-12,2.861518355279648,0
10,-10,-4,-12,2.4697893845218295,0
10,-10,-4,-12,1.9698296763593743,0
10,-10,-4,-12,1.5608655336411037,0
10,-10,-4,-12,1.4028564252740863,0
10,-10,-4,-12,1.427260501926031,0
10,-10,-4,-12,1.527329132370746,0
10,-10,-4,-12,1.5916940827251658,0
10,-10,-4,-12,1.580145887635428,0
10,-10,-4,-12,1.450547521533337,0
10,-10,-4,-12,0.9767858211545645,0
10,-10,-4,-12,0.23563451656851628,0
10,-10,-4,-12,-0.5874386900378111,0
10,-10,-4,-12,-1.073012937187718,0
10,-10,-4,-12,-1.507626538161067,0
10,-10,-4,-12,-1.97383439072125,0
10,-10,-4,-12,-2.5226042925729355,0
10,-10,-4,-12,-2.5762148959630715,0
10,-10,-4,-12,-1.8981773235922323,0
10,-10,-4,-12,-0.7908684346104956,0
10,-10,-4,-12,0.21995327079352678,0
10,-10,-4,-12,0.9287969175041614,0
10,-10,-4,-12,1.5931378786157904,0
10,-10,-4,-12,2.4221823203954007,0
10,-10,-4,-12,3.266741161512884,0
10,-10,-4,-12,3.7874128171977968,0
10,-10,-4,-12,3.7861419335161473,0
10,-10,-4,-12,3.2137366701506562,0
10,-10,-4,-12,2.2645731649028207,0
10,-10,-4,-12,1.3849212379533462,0
10,-10,-4,-12,0.8067710670128934,0
10,-10,-4,-12,0.5544177972981559,0
10,-10,-4,-12,0.38782852689432895,0
10,-10,-4,-12,0.2482967139548543,0
10,-10,-4,-12,0.12004313446783393,0
10,-10,-4,-12,0.01728010267253958,0
10,-10,-4,-12,-0.11592854906091961,0
10,-10,-4,-12,-0.304346914549021,0
10,-10,-4,-12,-0.5652724299735015,0
10,-10,-4,-12,-0.7695860406383339,0
10,-10,-4,-12,-0.9145564780495077,0
10,-10,-4,-12,-1.1843983490231433,0
10,-10,-4,-12,-1.6677812679300177,0
10,-10,-4,-12,-1.9142687784368189,0
10,-10,-4,-12,-1.363742700684928,0
10,-10,-4,-12,-0.30755247909565225,0
10,-10,-4,-12,0.5642577626204536,0
10,-10,-4,-12,0.9866876866248129,0
10,-10,-4,-12,1.4298021363798812,0
10,-10,-4,-12,2.175856108260227,0
10,-10,-4,-12,2.879275105797865,0
10,-10,-4,-12,3.2274436179980808,0
10,-10,-4,-12,3.135915189857015,0
10,-10,-4,-12,2.751032152401501,0
10,-10,-4,-12,2.298354947956158,0
10,-10,-4,-12,1.9792790891467387,0
10,-10,-4,-12,1.8234430761510996,0
10,-10,-4,-12,1.628414186131926,0
10,-10,-4,-12,1.2685375645557508,0
10,-10,-4,-12,0.8456314175546694,0
10,-10,-4,-12,0.4917893585793131,0
10,-10,-4,-12,0.11738449675048486,0
10,-10,-4,-12,-0.3188327293498665,0
10,-10,-4,-12,-0.8167093917530418,0
10,-10,-4,-12,-1.2412896192364478,0
10,-10,-4,-12,-1.5774089947868888,0
10,-10,-4,-12,-1.9911769526225243,0
10,-10,-4,-12,-2.5111939166401394,0
10,-10,-4,-12,-2.922804073739671,0
10,-10,-4,-12,-2.747557286727383,0
10,-10,-4,-12,-1.630481429138478,0
10,-10,-4,-12,0.2527748860196728,0
10,-10,-4,-12,1.9340995310617402,0
10,-10,-4,-12,2.748845930898949,0
10,-10,-4,-12,2.8203816246269184,0
10,-10,-4,-12,2.9117204959849787,0
10,-10,-4,-12,3.1800739241431937,0
10,-10,-4,-12,3.3230726767842333,0
10,-10,-4,-12,3.1385765000367587,0
10,-10,-4,-12,2.7502827929541436,0
10,-10,-4,-12,2.2122878124034155,0
10,-10,-4,-12,1.5961398299334792,0
10,-10,-4,-12,0.9187920348322,0
10,-10,-4,-12,0.2981061254765762,0
10,-10,-4,-12,-0.03015904954910584,0
10,-10,-4,-12,0.013537062015894755,0
10,-10,-4,-12,0.38385413505671223,0
10,-10,-4,-12,0.6975577386638322,0
10,-10,-4,-12,0.7449549938835459,0
10,-10,-4,-12,0.458366749579717,0
10,-10,-4,-12,0.029652948047239485,0
10,-10,-4,-12,-0.37188808133997986,0
10,-10,-4,-12,-0.654184170126716,0
10,-10,-4,-12,-1.1155247799379717,0
10,-10,-4,-12,-1.8224043776210992,0
10,-10,-4,-12,-2.508902431736136,0
10,-10,-4,-12,-2.3107400484563314,0
10,-10,-4,-12,-1.1158744419115578,0
10,-10,-4,-12,0.22416953649561688,0
10,-10,-4,-12,0.7928945871195788,0
10,-10,-4,-12,0.6817560232479565,0
10,-10,-4,-12,0.8478933246587239,0
10,-10,-4,-12,1.6719873097738505,0
10,-10,-4,-12,2.745644553838821,0
10,-10,-4,-12,3.4134946417126364,0
10,-10,-4,-12,3.528964592401518,0
10,-10,-4,-12,3.2086195506391344,0
10,-10,-4,-12,2.6483307215319014,0
10,-10,-4,-12,2.096976516588366,0
10,-10,-4,-12,1.7110359707640326,0
10,-10,-4,-12,1.4725135152441418,0
10,-10,-4,-12,1.1579069454881914,0
10,-10,-4,-12,0.7509606296489545,0
10,-10,-4,-12,0.3007231570636088,0
10,-10,-4,-12,-0.03485106503979483,0
10,-10,-4,-12,-0.17464472595741665,0
10,-10,-4,-12,-0.18821285772039364,0
10,-10,-4,-12,-0.27212208420154793,0
10,-10,-4,-12,-0.4463187384797875,0
10,-10,-4,-12,-0.5107799907922117,0
10,-10,-4,-12,-0.7092508130301215,0
10,-10,-4,-12,-1.2015547843504228,0
10,-10,-4,-12,-1.8349374811763106,0
10,-10,-4,-12,-1.8112297572113756,0
10,-10,-4,-12,-0.8595162228019223,0
10,-10,-4,-12,0.3858209222723834,0
10,-10,-4,-12,1.1522415082608877,0
10,-10,-4,-12,1.4142604794643656,0
10,-10,-4,-12,1.8341614871314311,0
10,-10,-4,-12,2.6863820827612765,0
10,-10,-4,-12,3.5904383090949223,0
10,-10,-4,-12,3.9893228833139305,0
10,-10,-4,-12,3.7589117860061623,0
10,-10,-4,-12,3.075425354213609,0
10,-10,-4,-12,2.1187549815104463,0
10,-10,-4,-12,1.1911200258479209,0
10,-10,-4,-12,0.4428991558680267,0
10,-10,-4,-12,-0.04875139586491998,0
10,-10,-4,-12,-0.3585047861787989,0
10,-10,-4,-12,-0.47258235377959085,0
10,-10,-4,-12,-0.3889029249894203,0
10,-10,-4,-12,-0.21936709315590033,0
10,-10,-4,-12,-0.20456499260704045,0
10,-10,-4,-12,-0.4453862389055607,0
10,-10,-4,-12,-0.861807953940034,0
10,-10,-4,-12,-1.1860314182917164,0
10,-10,-4,-12,-1.3104898867074126,0
10,-10,-4,-12,-1.354330675294883,0
10,-10,-4,-12,-1.349638151179427,0
10,-10,-4,-12,-1.1837542324780663,0
10,-10,-4,-12,-0.5798882878497663,0
10,-10,-4,-12,0.27349820553469556,0
10,-10,-4,-12,1.0209817515747892,0
10,-10,-4,-12,1.2262097881380605,0
10,-10,-4,-12,1.0433463055852128,0
10,-10,-4,-12,0.986106912926226,0
10,-10,-4,-12,1.4297650319228963,0
10,-10,-4,-12,2.165072782383587,0
10,-10,-4,-12,2.7097703941488382,0
10,-10,-4,-12,2.853561045840674,0
10,-10,-4,-12,2.780576526684373,0
10,-10,-4,-12,2.621941993028713,0
10,-10,-4,-12,2.3798925895976937,0
10,-10,-4,-12,2.001664780259093,0
10,-10,-4,-12,1.5381173187920674,0
10,-10,-4,-12,1.085215643559734,0
10,-10,-4,-12,0.6974902221697113,0
10,-10,-4,-12,0.4583834867702048,0
10,-10,-4,-12,0.24452534504780235,0
10,-10,-4,-12,-0.007011862108706098,0
10,-10,-4,-12,-0.27491490095928156,0
10,-10,-4,-12,-0.5327986277759934,0
10,-10,-4,-12,-0.7200056144988202,0
10,-10,-4,-12,-1.071857270353025,0
10,-10,-4,-12,-1.6080547782503558,0
10,-10,-4,-12,-2.2411959039322324,0
10,-10,-4,-12,-2.549498177926728,0
10,-10,-4,-12,-2.1109766203142755,0
10,-10,-4,-12,-0.9133360763009316,0
10,-10,-4,-12,0.5336696503005,0
10,-10,-4,-12,1.581440633876235,0
10,-10,-4,-12,2.146451544051963,0
10,-10,-4,-12,2.5879348923446805,0
10,-10,-4,-12,3.1262051381891944,0
10,-10,-4,-12,3.5215041364912794,0
10,-10,-4,-12,3.4283724732833996,0
10,-10,-4,-12,2.887848146565501,0
10,-10,-4,-12,2.1362309921663623,0
10,-10,-4,-12,1.4149506615874532,0
10,-10,-4,-12,0.9117471165010119,0
10,-10,-4,-12,0.6335521445669005,0
10,-10,-4,-12,0.5048556848624306,0
10,-10,-4,-12,0.3677570552681059,0
10,-10,-4,-12,0.19714782010696544,0
10,-10,-4,-12,0.22623783221577234,0
10,-10,-4,-12,0.441098921008442,0
10,-10,-4,-12,0.6255959741896319,0
10,-10,-4,-12,0.5852156016885603,0
10,-10,-4,-12,0.3363580194878562,0
10,-10,-4,-12,0.09991221108240506,0
10,-10,-4,-12,-0.079132982463333,0
10,-10,-4,-12,-0.4798794293742641,0
10,-10,-4,-12,-1.3549870122958432,0
10,-10,-4,-12,-2.345905052324218,0
10,-10,-4,-12,-2.533860106787223,0
10,-10,-4,-12,-1.6874969067021544,0
10,-10,-4,-12,-0.4131521074933588,0
10,-10,-4,-12,0.48499518458089214,0
10,-10,-4,-12,1.0388138983865234,0
10,-10,-4,-12,1.591701607776585,0
10,-10,-4,-12,2.2107619591477867,0
10,-10,-4,-12,2.7124087539296604,0
10,-10,-4,-12,2.8595491768876884,0
10,-10,-4,-12,2.750426134694465,0
10,-10,-4,-12,2.455703031993151,0
10,-10,-4,-12,2.1076122118134677,0
10,-10,-4,-12,1.8248371804294703,0
10,-10,-4,-12,1.6783468918758402,0
10,-10,-4,-12,1.621352915896221,0
10,-10,-4,-12,1.5355968276106224,0
10,-10,-4,-12,1.3432650042455883,0
10,-10,-4,-12,1.072936358642164,0
10,-10,-4,-12,0.7601111860595369,0
10,-10,-4,-12,0.4166205368146696,0
10,-10,-4,-12,0.07928887025693492,0
10,-10,-4,-12,-0.24371654290456912,0
10,-10,-4,-12,-0.48198182387507,0
10,-10,-4,-12,-0.6748450379666074,0
10,-10,-4,-12,-1.0088328159513147,0
10,-10,-4,-12,-1.6856144075718162,0
10,-10,-4,-12,-2.4229599955368752,0
10,-10,-4,-12,-2.3789194353761687,0
10,-10,-4,-12,-1.459600887571244,0
10,-10,-4,-12,-0.31594116929270394,0
10,-10,-4,-12,0.41010283461274466,0
10,-10,-4,-12,0.8765503141804589,0
10,-10,-4,-12,1.5946662251144197,0
10,-10,-4,-12,2.4227155190533867,0
10,-10,-4,-12,3.0966342325413847,0
10,-10,-4,-12,3.343767873582499,0
10,-10,-4,-12,3.164922002940333,0
10,-10,-4,-12,2.673484015943101,0
10,-10,-4,-12,1.9323638624161867,0
10,-10,-4,-12,1.1542738844377476,0
10,-10,-4,-12,0.5730525798408228,0
10,-10,-4,-12,0.42157532561818895,0
10,-10,-4,-12,0.487490889981901,0
10,-10,-4,-12,0.5814552066532861,0
10,-10,-4,-12,0.6427083223116488,0
10,-10,-4,-12,0.7409074122498054,0
10,-10,-4,-12,0.8347017155550093,0
10,-10,-4,-12,0.882071980082546,0
10,-10,-4,-12,0.8663618932362015,0
10,-10,-4,-12,0.8070378410731051,0
10,-10,-4,-12,0.6775235334168016,0
10,-10,-4,-12,0.4291617753037225,0
10,-10,-4,-12,0.13019821163080478,0
10,-10,-4,-12,-0.05953620506610927,0
10,-10,-4,-12,-0.1375611010558135,0
10,-10,-4,-12,-0.5798228428292344,0
10,-10,-4,-12,-1.6237067967838097,0
10,-10,-4,-12,-2.7587616737003784,0
10,-10,-4,-12,-2.7100920949333074,0
10,-10,-4,-12,-1.3624307200166141,0
10,-10,-4,-12,0.3733665120678919,0
10,-10,-4,-12,1.526011097709376,0
10,-10,-4,-12,2.0875998831497196,0
10,-10,-4,-12,2.4779895339230014,0
10,-10,-4,-12,2.6970802937794307,0
10,-10,-4,-12,2.6335111782055596,0
10,-10,-4,-12,2.377281159063315,0
10,-10,-4,-12,2.065893393153875,0
10,-10,-4,-12,1.865431426791497,0
10,-10,-4,-12,1.740993902384454,0
10,-10,-4,-12,1.7037138228499529,0
10,-10,-4,-12,1.5862859292597526,0
10,-10,-4,0,1.4232438664942546,0
10,-10,-4,0,1.2116251607966078,0
10,-10,-4,0,0.9789174781255513,0
10,-10,-4,0,0.7511689209357124,0
10,-10,-4,0,0.49221281291219876,0
10,-10,-4,0,0.23214391794793576,0
10,-10,-4,0,-0.06761829711899314,0
10,-10,-4,0,-0.333484416306086,0
10,-10,-4,0,-0.513346623304775,0
10,-10,-4,0,-0.5859990923696757,0
10,-10,-4,0,-0.854746163572765,0
10,-10,-4,0,-1.4264169859541784,0
10,-10,-4,0,-2.118672140713556,0
10,-10,-4,0,-2.348403805642775,0
10,-10,-4,0,-1.8127398776006869,0
10,-10,-4,0,-0.763819005598735,0
10,-10,-4,0,0.4059842557531424,0
10,-10,-4,0,1.3273218704475618,0
10,-10,-4,0,2.0020212813264906,0
10,-10,-4,0,2.5381342318580704,0
10,-10,-4,0,2.962193296501276,0
10,-10,-4,0,3.18447624582576,0
10,-10,-4,0,3.0198512537362667,0
10,-10,-4,0,2.4978014685088623,0
10,-10,-4,0,1.7077197289853334,0
10,-10,-4,0,0.9312103836780176,0
10,-10,-4,0,0.5037143361833177,0
10,-10,-4,0,0.5080236852875006,0
10,-10,-4,0,0.7933951401648692,0
10,-10,-4,0,1.114684882995667,0
10,-10,-4,0,1.4231881990635333,0
10,-10,-4,0,1.688038252989512,0
10,-10,-4,0,1.8513004469839,0
10,-10,-4,0,1.6819877925412996,0
10,-10,-4,0,1.0634745727658912,0
10,-10,-4,0,0.1868889168834594,0
10,-10,-4,0,-0.5783035238128736,0
10,-10,-4,0,-0.9674972934817431,0
10,-10,-4,0,-1.0999632498233147,0
10,-10,-4,0,-1.1650245262211527,0
10,-10,-4,0,-1.385093806247755,0
10,-10,-4,0,-1.8184531821919598,0
10,-10,-4,0,-2.194803340611843,0
10,-10,-4,0,-1.9195036316298812,0
10,-10,-4,0,-1.1424634712223993,0
10,-10,-4,0,-0.2255616083983801,0
10,-10,-4,0,0.5783689888108988,0
10,-10,-4,0,1.4646835894890076,0
10,-10,-4,0,2.369600792364319,0
10,-10,-4,0,2.8977348036925243,0
10,-10,-4,0,2.979343604644162,0
10,-10,-4,0,2.8354698931590607,0
10,-10,-4,0,2.650663379052459,0
10,-10,-4,0,2.3975147749548,0
10,-10,-4,0,2.104285393711814,0
10,-10,-4,0,1.8187065770677766,0
10,-10,-4,0,1.5986247514407292,0
10,-10,-4,0,1.3717998739614068,0
10,-10,-4,0,1.0877877447218942,0
10,-10,-4,0,0.8199754520757102,0
10,-10,-4,0,0.7046623194898999,0
10,-10,-4,-12,0.7470735120393459,0
10,-10,-4,-12,0.8580763986740306,0
10,-10,-4,-12,0.8232873966255237,0
10,-10,-4,-12,0.5421121339068363,0
10,-10,-4,-12,0.14616554906941304,0
10,-10,-4,-12,-0.11351591241560209,0
10,-10,-4,-12,-0.5734321240245879,0
10,-10,-4,-12,-1.3957708091798222,0
10,-10,-4,-12,-2.4000320141972646,0
10,-10,-4,-12,-2.567647399928694,0
10,-10,-4,-12,-1.7304131806588134,0
10,-10,-4,-12,-0.560056152846209,0
10,-10,-4,-12,0.2953392754231064,0
10,-10,-4,-12,0.7081230596837624,0
10,-10,-4,-12,1.1143113070931785,0
10,-10,-4,-12,1.651544056080228,0
10,-10,-4,-12,2.3863760764740714,0
10,-10,-4,-12,3.004006451477259,0
10,-10,-4,-12,3.227757899569441,0
10,-10,-4,-12,2.9840921875757065,0
10,-10,-4,-12,2.4312892392961793,0
10,-10,-4,-12,1.7428195644566722,0
10,-10,-4,-12,1.0699829992905672,0
10,-10,-4,-12,0.5986470415508734,0
10,-10,-4,-12,0.4578612551338625,0
10,-10,-4,-12,0.4953769986252355,0
10,-10,-4,-12,0.625915731636349,0
10,-10,-4,-12,0.750824741593803,0
10,-10,-4,-12,0.7986935919245882,0
10,-10,-4,-12,0.62154055115439,0
10,-10,-4,-12,0.23628562504056425,0
10,-10,-4,-12,-0.15853286014448506,0
10,-10,-4,-12,-0.5383711146082991,0
10,-10,-4,-12,-0.8176305339490925,0
10,-10,-4,-12,-1.2650588833434038,0
10,-10,-4,-12,-1.767537509394872,0
10,-10,-4,-12,-2.1720122824565564,0
10,-10,-4,-12,-2.0031319791324664,0
10,-10,-4,-12,-1.1815668662212513,0
10,-10,-4,-12,-0.21658395140255463,0
10,-10,-4,-12,0.4980725240096507,0
10,-10,-4,-12,0.9685161301917659,0
10,-10,-4,-12,1.550485688124312,0
10,-10,-4,-12,2.2752278333484397,0
10,-10,-4,-12,2.926177666017789,0
10,-10,-4,-12,3.1845256089154717,0
10,-10,-4,-12,3.0840026399357874,0
10,-10,-4,-12,2.6790461311821296,0
10,-10,-4,-12,2.1672173349534996,0
10,-10,-4,-12,1.7051583088180529,0
10,-10,-4,-12,1.4451413448822634,0
10,-10,-4,-12,1.4110854322811506,0
10,-10,-4,-12,1.4292072422495297,0
10,-10,-4,-12,1.3477310985647373,0
10,-10,-4,-12,1.2139063216966453,0
10,-10,-4,-12,1.1334351116826669,0
10,-10,-4,-12,1.0750610234747862,0
10,-10,-4,-12,0.870321658776756,0
10,-10,-4,-12,0.3869818891450822,0
10,-10,-4,-12,-0.31822797603398967,0
10,-10,-4,-12,-0.7451037646515282,0
10,-10,-4,-12,-1.1353268233548963,0
10,-10,-4,-12,-1.5441630260898613,0
10,-10,-4,-12,-2.289558211396889,0
10,-10,-4,-12,-2.658791583586119,0
10,-10,-4,-12,-2.0335679849725077,0
10,-10,-4,-12,-0.704634216687313,0
10,-10,-4,-12,0.5119293422937572,0
10,-10,-4,-12,0.8627411216627959,0
10,-10,-4,-12,0.7604308656833828,0
10,-10,-4,-12,0.9877289806470753,0
10,-10,-4,-12,1.830362235273056,0
10,-10,-4,-12,2.938119550621122,0
10,-10,-4,-12,3.665873017101094,0
10,-10,-4,-12,3.719978028902128,0
10,-10,-4,-12,3.199911060816028,0
10,-10,-4,-12,2.411150062911578,0
10,-10,-4,-12,1.4988972029437038,0
10,-10,-4,-12,0.6187450626628525,0
10,-10,-4,-12,-0.08989510606231134,0
10,-10,-4,-12,-0.39291652894487333,0
10,-10,-4,-12,-0.18743418767763767,0
10,-10,-4,-12,0.3861728562194828,0
10,-10,-4,-12,1.021052985860247,0
10,-10,-4,-12,1.3751119519476347,0
10,-10,-4,-12,1.298019103152025,0
10,-10,-4,-12,0.9888893856087417,0
10,-10,-4,-12,0.5752488821268678,0
10,-10,-4,-12,0.1145297173983069,0
10,-10,-4,-12,-0.3492694883399408,0
10,-10,-4,-12,-0.9221586607268811,0
10,-10,-4,-12,-1.547152740144578,0
10,-10,-4,-12,-2.315319068771534,0
10,-10,-4,-12,-2.4999323238001794,0
10,-10,-4,-12,-1.8162214524991478,0
10,-10,-4,-12,-0.6758561383796269,0
10,-10,-4,-12,0.1936402702672226,0
10,-10,-4,-12,0.7351497217149104,0
10,-10,-4,-12,1.3406450863193273,0
10,-10,-4,-12,1.9869322532310865,0
10,-10,-4,-12,2.4888404745299537,0
10,-10,-4,-12,2.8374157176165267,0
10,-10,-4,-12,3.088272339489413,0
10,-10,-4,-12,3.07323369752763,0
10,-10,-4,-12,2.8263083006532828,0
10,-10,-4,-12,2.526578233295663,0
10,-10,-4,-12,2.1768390221276133,0
10,-10,-4,-12,1.7545757511519342,0
10,-10,-4,-12,1.220381041791566,0
10,-10,-4,-12,0.7563134998333272,0
10,-10,-4,-12,0.5137792533207888,0
10,-10,-4,-12,0.5376467829659101,0
10,-10,-4,-12,0.5938759319129546,0
10,-10,-4,-12,0.41936329953317725,0
10,-10,-4,-12,-0.03431809633414599,0
10,-10,-4,-12,-0.5308081104569932,0
10,-10,-4,-12,-0.7761312505744583,0
10,-10,-4,-12,-1.0926094450560628,0
10,-10,-4,-12,-1.7971288041143236,0
10,-10,-4,-12,-2.7335300997080183,0
10,-10,-4,-12,-2.716851229997968,0
10,-10,-4,-12,-1.3408893052934037,0
10,-10,-4,-12,0.5847003829992486,0
10,-10,-4,-12,1.5364170028104247,0
10,-10,-4,-12,1.3621145329253608,0
10,-10,-4,-12,1.1597527084122496,0
10,-10,-4,-12,1.7283707006511737,0
10,-10,-4,-12,2.800516725658863,0
10,-10,-4,-12,3.5692796535244753,0
10,-10,-4,-12,3.5680574508500853,0
10,-10,-4,-12,2.8620974111120545,0
10,-10,-4,-12,1.760245554516762,0
10,-10,-4,-12,0.6537220112961936,0
10,-10,-4,-12,-0.09602928114776448,0
10,-10,-4,-12,-0.36288159259898173,0
10,-10,-4,-12,-0.20623547650869165,0
10,-10,-4,-12,0.22262743459651912,0
10,-10,-4,-12,0.5838866997777218,0
10,-10,-4,-12,0.7643598113626263,0
10,-10,-4,-12,0.8316782351377917,0
10,-10,-4,-12,0.8534058325398362,0
10,-10,-4,-12,0.8184288658322605,0
10,-10,-4,-12,0.7221851988788129,0
10,-10,-4,-12,0.5625072324916788,0
10,-10,-4,-12,0.2504973127055323,0
10,-10,-4,-12,-0.18247268897136612,0
10,-10,-4,-12,-0.8664061276226076,0
10,-10,-4,-12,-1.742212260753422,0
10,-10,-4,-12,-2.729641990604982,0
10,-10,-4,-12,-3.052402189667711,0
10,-10,-4,-12,-2.1149877468713396,0
10,-10,-4,-12,-0.42749719634153704,0
10,-10,-4,-12,1.0576750288915633,0
10,-10,-4,-12,1.895665859746238,0
10,-10,-4,-12,2.5128487326990476,0
10,-10,-4,-12,3.116846760062479,0
10,-10,-4,-12,3.54691898125383,0
10,-10,-4,-12,3.577784939590211,0
10,-10,-4,-12,3.261012114675521,0
10,-10,-4,-12,2.6390484283815066,0
10,-10,-4,-12,1.9926834885759683,0
10,-10,-4,-12,1.5788251595350289,0
10,-10,-4,-12,1.6014845819259576,0
10,-10,-4,-12,1.885973996834177,0
10,-10,-4,-12,2.0957273835411065,0
10,-10,-4,-12,1.9857462168450153,0
10,-10,-4,-12,1.570187255926502,0
10,-10,-4,-12,1.0250496383611423,0
10,-10,-4,-12,0.5611369790977071,0
10,-10,-4,-12,0.1888691303373252,0
10,-10,-4,-12,-0.12506839270927853,0
10,-10,-4,-12,-0.6785237438066578,0
10,-10,-4,-12,-1.4589190077633585,0
10,-10,-4,-12,-2.128663521422068,0
10,-10,-4,-12,-2.7192400254891784,0
10,-10,-4,-12,-3.099617959485935,0
10,-10,-4,-12,-3.111998105834258,0
10,-10,-4,-12,-2.190523725294269,0
10,-10,-4,-12,-0.5035266569872375,0
10,-10,-4,-12,0.9310938510029702,0
10,-10,-4,-12,1.2460940557352147,0
10,-10,-4,-12,0.6846042667657718,0
10,-10,-4,-12,0.46341443923214287,0
10,-10,-4,-12,1.3342245975973155,0
10,-10,-4,-12,2.6333100107986525,0
10,-10,-4,-12,3.434164446613044,0
10,-10,-4,-12,3.4751490031711776,0
10,-10,-4,-12,3.0969163814617473,0
10,-10,-4,-12,2.5942298689631555,0
10,-10,-4,-12,2.1522987127739714,0
10,-10,-4,-12,1.9276173586916787,0
10,-10,-4,-12,1.8397948367329515,0
10,-10,-4,-12,1.693878169680139,0
10,-10,-4,-12,1.4655743419540463,0
10,-10,-4,-12,1.2311640467004035,0
10,-10,-4,-12,1.0174691898921016,0
10,-10,-4,-12,0.7647191997578769,0
10,-10,-4,-12,0.3568598106763898,0
10,-10,-4,-12,-0.15341045192321065,0
10,-10,-4,-12,-0.6011025970246335,0
10,-10,-4,-12,-0.7466304111726499,0
10,-10,-4,-12,-0.6069933536928693,0
10,-10,-4,-12,-0.47443164293296153,0
10,-10,-4,-12,-0.7550019149110808,0
10,-10,-4,-12,-1.791810847913213,0
10,-10,-4,-12,-3.2275692887333514,0
10,-10,-4,-12,-3.544816155227135,0
10,-10,-4,-12,-2.4661844660522427,0
10,-10,-4,-12,-0.6723065754183636,0
10,-10,-4,-12,0.6119292419761005,0
10,-10,-4,-12,1.3347896311855323,0
10,-10,-4,-12,1.987594340267919,0
10,-10,-4,-12,2.413850701320666,0
10,-10,-4,-12,2.6577212930349123,0
10,-10,-4,-12,2.685187618809563,0
10,-10,-4,-12,2.5677722133662653,0
10,-10,-4,-12,2.4111597773349063,0
10,-10,-4,-12,2.254230955205538,0
10,-10,-4,-12,2.099259456683767,0
10,-10,-4,-12,1.8664254498531552,0
10,-10,-4,-12,1.5248968613125111,0
10,-10,-4,-12,1.1715571670316203,0
10,-10,-4,-12,0.8783276888967732,0
10,-10,-4,-12,0.7354008792541035,0
10,-10,-4,-12,0.7036548166240397,0
10,-10,-4,-12,0.7094804163371452,0
10,-10,-4,-12,0.6633219334956186,0
10,-10,-4,-12,0.5732492338969813,0
10,-10,-4,-12,0.4201148442618998,0
10,-10,-4,-12,0.21638897708313112,0
10,-10,-4,-12,-0.288138107532037,0
10,-10,-4,-12,-1.0359188867644271,0
10,-10,-4,-12,-1.6975767796151384,0
10,-10,-4,-12,-1.6915544693565072,0
10,-10,-4,-12,-1.0126048142095891,0
10,-10,-4,-12,-0.17066184131712092,0
10,-10,-4,-12,0.5183627486480318,0
10,-10,-4,-12,1.0054841195840443,0
10,-10,-4,-12,1.621246153272031,0
10,-10,-4,-12,2.2685930731638084,0
10,-10,-4,-12,2.6645715080668464,0
10,-10,-4,-12,2.531716866806104,0
10,-10,-4,-12,2.0643914369947214,0
10,-10,-4,-12,1.6653178072872734,0
10,-10,-4,-12,1.3280081776464412,0
10,-10,-4,-12,0.9067873541993171,0
10,-10,-4,-12,0.36949738104414015,0
10,-10,-4,-12,0.059062695561193146,0
10,-10,-4,-12,0.1516686270097658,0
10,-10,-4,-12,0.479855918250591,0
10,-10,-4,-12,0.650457426621056,0
10,-10,-4,-12,0.5053921072047092,0
10,-10,-4,-12,0.29910823762547245,0
10,-10,-4,-12,0.15924247877828024,0
10,-10,-4,-12,-0.04477700940768851,0
10,-10,-4,-12,-0.36326682579568237,0
10,-10,-4,-12,-0.8048708615575624,0
10,-10,-4,-12,-1.1950389754276538,0
10,-10,-4,-12,-1.1635759030434476,0
10,-10,-4,-12,-0.7141179920757428,0
10,-10,-4,-12,-0.027507251662018912,0
10,-10,-4,-12,0.5116831295572695,0
10,-10,-4,-12,0.973226347812643,0
10,-10,-4,-12,1.5251202473948124,0
10,-10,-4,-12,2.128932193542503,0
10,-10,-4,-12,2.626445458669434,0
10,-10,-4,-12,2.8514846860040666,0
10,-10,-4,-12,2.623047653158651,0
10,-10,-4,-12,2.056979839426262,0
10,-10,-4,-12,1.4050953091988676,0
10,-10,-4,-12,0.9467743397335012,0
10,-10,-4,-12,0.8879175017140377,0
10,-10,-4,-12,1.0134330930819953,0
10,-10,-4,-12,1.2115618876696976,0
10,-10,-4,-12,1.293104758858403,0
10,-10,-4,-12,1.1813855399017392,0
10,-10,-4,-12,0.9606854267215038,0
10,-10,-4,-12,0.6762023265897077,0
10,-10,-4,-12,0.43100681824415604,0
10,-10,-4,-12,-0.23373203682857116,0
10,-10,-4,-12,-1.1063412746553996,0
10,-10,-4,-12,-1.847720449743747,0
10,-10,-4,-12,-1.871958215018281,0
10,-10,-4,-12,-1.325901428057431,0
10,-10,-4,-12,-0.633726460994008,0
10,-10,-4,-12,-0.08357821904012425,0
10,-10,-4,-12,0.37572580291813956,0
10,-10,-4,-12,0.9637458080200373,0
10,-10,-4,-12,1.730704255380089,0
10,-10,-4,-12,2.4128170812520113,0
10,-10,-4,-12,2.8727224550862194,0
10,-10,-4,-12,2.862340649801094,0
10,-10,-4,-12,2.394408912814319,0
10,-10,-4,-12,1.730281067006435,0
10,-10,-4,-12,1.244781491776689,0
10,-10,-4,-12,1.0877485385832137,0
10,-10,-4,-12,1.03025980812777,0
10,-10,-4,-12,0.9545951942311088,0
10,-10,-4,-12,0.8134340347050703,0
10,-10,-4,-12,0.6315633659594568,0
10,-10,-4,-12,0.2957531130983622,0
10,-10,-4,-12,-0.23456326238308964,0
10,-10,-4,-12,-0.8480899481350751,0
10,-10,-4,-12,-1.2476152597963586,0
10,-10,-4,-12,-1.3120727941311217,0
10,-10,-4,-12,-1.1262587465696843,0
10,-10,-4,-12,-0.8055595109111543,0
10,-10,-4,-12,-0.26885356868552174,0
10,-10,-4,-12,0.25612748663079765,0
10,-10,-4,-12,0.5867766502038488,0
10,-10,-4,-12,0.6675341357639782,0
10,-10,-4,-12,0.7609214229096617,0
10,-10,-4,-12,1.1497285384721925,0
10,-10,-4,-12,1.831607057509702,0
10,-10,-4,-12,2.6352237795434577,0
10,-10,-4,-12,3.217122188739713,0
10,-10,-4,-12,3.358511097202959,0
10,-10,-4,-12,3.128963218362489,0
10,-10,-4,-12,2.6867335006514725,0
10,-10,-4,-12,2.221976025707187,0
10,-10,-4,-12,1.7709207799938544,0
10,-10,-4,-12,1.35169011156328,0
10,-10,-4,-12,0.8484467539160584,0
10,-10,-4,-12,0.15213736007781606,0
10,-10,-4,-12,-0.7170322399621701,0
10,-10,-4,-12,-1.4757940580605098,0
10,-10,-4,-12,-1.7506234753770442,0
10,-10,-4,-12,-1.696204395292672,0
10,-10,-4,-12,-1.45886587079377,0
10,-10,-4,-12,-1.5285351795872908,0
10,-10,-4,-12,-1.8936768457195006,0
10,-10,-4,-12,-1.96540233500286,0
10,-10,-4,-12,-1.3138596848308743,0
10,-10,-4,-12,-0.16177791701645325,0
10,-10,-4,-12,0.9307969875845785,0
10,-10,-4,-12,1.9159478760652302,0
10,-10,-4,-12,3.138337855474051,0
10,-10,0,-12,4.276750249170145,0
4.965734306984481,-10,0,-12,4.965734306984481,0
10,-10,0,-12,4.831888102377818,0
10,-10,0,-12,4.018560331325866,0
10,-10,-4,-12,2.6597706863530024,0
10,-10,-4,-12,1.233275885550016,0
10,-10,-4,-12,-0.08030352909393308,0
10,-10,-4,-12,-1.114442287775814,0
10,-10,-4,-12,-1.4805573441248476,0
10,-10,-4,-12,-1.190427594790729,0
10,-10,-4,-12,-0.6960173371114159,0
10,-10,-4,-12,-0.6098118680009564,0
10,-10,-4,-12,-0.8761083100728877,0
10,-10,-4,-12,-1.0932298141059207,0
10,-10,-4,-12,-1.3804727486229789,0
10,-10,-4,-12,-2.012249468138774,0
10,-10,-4,-12,-1.3258220556424247,0
10,-10,-4,-12,-0.4171252293847121,0
10,-10,-4,-12,1.1390622716187881,0
10,-10,-4,-12,1.7374574843873407,0
10,-10,-4,-12,2.5958282108064035,0
10,-10,-4,-12,3.2655489556929798,0
10,-10,-4,-12,3.6055128117821407,0
10,-10,-4,-12,3.670472312959493,0
10,-10,-4,-12,3.499670472875256,0
10,-10,-4,-12,3.103476542618326,0
10,-10,-4,-12,2.552119193916841,0
10,-10,-4,-12,1.8817692770902401,0
10,-10,-4,-12,1.1344162244233829,0
10,-10,-4,-12,0.28674155155905173,0
10,-10,-4,-12,-0.6169835083146297,0
10,-10,-4,-12,-1.574787654773709,0
10,-10,-4,-12,-2.3737905821888066,0
10,-10,-4,-12,-2.8886305391740734,0
10,-10,-4,-12,-3.0873846269943854,0
10,-10,-4,-12,-3.0239837521589936,0
10,-10,-4,-12,-2.543564899443982,0
10,-10,-4,-12,-1.523894738113338,0
10,-10,-4,-12,-0.24312250908272529,0
10,-10,-4,-12,0.895452303034222,0
10,-10,-4,-12,1.729318963222071,0
10,-10,-4,-12,2.5623793395646333,0
10,-10,-4,-12,3.4952954656701887,0
10,-10,0,-12,4.30735873535849,0
10,-10,0,-12,4.578339771403269,0
10,-10,0,-12,4.150447673390891,0
10,-10,-4,-12,3.2507405567314165,0
10,-10,-4,-12,2.244117051762452,0
10,-10,-4,-12,1.4007762724559072,0
10,-10,-4,-12,0.7044657859752282,0
10,-10,-4,-12,0.05171605893058099,0
10,-10,-4,-12,-0.6441860119062939,0
10,-10,-4,-12,-1.2226812486880074,0
10,-10,-4,-12,-1.7600766747341619,0
10,-10,-4,-12,-2.1677987284639415,0
10,-10,-4,-12,-2.335320303411161,0
10,-10,-4,-12,-2.4054020186106815,0
10,-10,-4,-12,-2.6750549882385504,0
10,-10,-4,-12,-2.696875360885103,0
10,-10,-4,-12,-1.0874196711511,0
10,-10,-4,-12,0.8512861714415171,0
10,-10,-4,-12,2.4903046523241255,0
10,-10,-4,-12,2.660860072661278,0
10,-10,-4,-12,2.822350942243689,0
10,-10,-4,-12,2.868851224943248,0
10,-10,-4,-12,2.8961897606503975,0
10,-10,-4,-12,2.931741623742868,0
10,-10,-4,-12,2.8807243950322197,0
10,-10,-4,-12,2.6492019993332065,0
10,-10,-4,-12,2.258699353216484,0
10,-10,-4,-12,1.8396160443421057,0
10,-10,-4,-12,1.399837914321451,0
10,-10,-4,-12,1.019261652324933,0
10,-10,-4,-12,0.6581752400415247,0
10,-10,-4,-12,0.1264417045520895,0
10,-10,-4,-12,-0.675768836696084,0
10,-10,-4,-12,-1.4184933106251278,0
10,-10,-4,-12,-1.8431350703225613,0
10,-10,-4,-12,-2.0881090041931682,0
10,-10,-4,-12,-2.4412207006314417,0
10,-10,-4,-12,-2.674499833458215,0
10,-10,-4,-12,-2.1925847743372535,0
10,-10,-4,-12,-1.0929737395620935,0
10,-10,-4,-12,0.07529646249253419,0
10,-10,-4,-12,0.9551246885543354,0
10,-10,-4,-12,1.68087601940888,0
10,-10,-4,-12,2.5996934323003633,0
10,-10,-4,-12,3.49529461506156,0
10,-10,0,-12,4.013562513807454,0
10,-10,-4,-12,3.8217889974063115,0
10,-10,-4,-12,3.070681209281874,0
10,-10,-4,-12,2.059112861195002,0
10,-10,-4,-12,1.0381576639854992,0
10,-10,-4,-12,0.20085853813094465,0
10,-10,-4,-12,-0.27943878268792083,0
10,-10,-4,-12,-0.378979570071077,0
10,-10,-4,-12,-0.20775068921257447,0
10,-10,-4,-12,0.0746847571529612,0
10,-10,-4,-12,0.37183741872137815,0
10,-10,-4,-12,0.5212796948478914,0
10,-10,-4,-12,0.482188378121422,0
10,-10,-4,-12,0.26718309243432176,0
10,-10,-4,-12,-0.18581053204784018,0
10,-10,-4,-12,-0.7520007709007936,0
10,-10,-4,-12,-1.0430166528542582,0
10,-10,-4,-12,-1.0511036007737566,0
10,-10,-4,-12,-0.9979374694950355,0
10,-10,-4,-12,-1.3197546404317273,0
10,-10,-4,-12,-1.3808360096816026,0
10,-10,-4,-12,-0.7628150513960569,0
10,-10,-4,-12,0.05700863948239443,0
10,-10,-4,-12,1.4544819505688622,0
10,-10,-4,-12,2.1488134944535506,0
10,-10,-4,-12,2.4803007653644293,0
10,-10,-4,-12,1.6083326715852522,0
10,-10,-4,-12,0.7240619133088634,0
10,-10,-4,-12,0.3279816685829121,0
10,-10,-4,-12,0.39911409066951903,0
10,-10,-4,-12,0.940913628727574,0
10,-10,-4,-12,1.301230285411937,0
10,-10,-4,-12,1.3912670791595068,0
10,-10,-4,-12,0.8828835231898612,0
10,-10,-4,-12,0.20177447147589003,0
10,-10,-4,-12,-0.21497932132032974,0
10,-10,-4,-12,-0.3118316235570104,0
10,-10,-4,-12,-0.23948158898559524,0
10,-10,-4,-12,-0.0010452943745498655,0
10,-10,-4,-12,0.43406521879091825,0
10,-10,-4,-12,1.0194408080234805,0
10,-10,-4,-12,1.2572600077176983,0
10,-10,-4,-12,1.1424203627558216,0
10,-10,-4,-12,0.962261503567261,0
10,-10,-4,-12,0.9119823348986108,0
10,-10,-4,-12,0.9820205613655101,0
10,-10,-4,-12,0.9757062843853174,0
10,-10,-4,-12,0.8237495989345011,0
10,-10,-4,-12,0.6173817729941761,0
10,-10,-4,-12,0.5204134975692791,0
10,-10,-4,-12,0.566107167485126,0
10,-10,-4,-12,0.6778804391818802,0
10,-10,-4,-12,0.7747456811742216,0
10,-10,-4,-12,0.8539375797317806,0
10,-10,-4,-12,0.8919466021319385,0
10,-10,-4,-12,0.8098392997050796,0
10,-10,-4,-12,0.6320025302877661,0
10,-10,-4,-12,0.5204854463601897,0
10,-10,-4,-12,0.5285419564835511,0
10,-10,-4,-12,0.5629808251986668,0
10,-10,-4,-12,0.571457124863386,0
10,-10,-4,-12,0.5626710948858834,0
10,-10,-4,-12,0.606075975538614,0
10,-10,-4,-12,0.6812316933099037,0
10,-10,-4,-12,0.7678621868774435,0
10,-10,-4,-12,0.8003188100382598,0
10,-10,-4,-12,0.7842099247242924,0
10,-10,-4,-12,0.7668373902309882,0
10,-10,-4,-12,0.7143996480895926,0
10,-10,-4,-12,0.6055360826372875,0
10,-10,-4,-12,0.4893338221188996,0
10,-10,-4,-12,0.6165983823648893,0
10,-10,-4,-12,0.8612608888601567,0
10,-10,-4,-12,1.0813769349926268,0
10,-10,-4,-12,0.9756942450203003,0
10,-10,-4,-12,0.832803413160843,0
10,-10,-4,-12,0.5513015817348176,0
10,-10,-4,-12,0.4706658261239209,0
10,-10,-4,-12,0.4099870506875332,0
10,-10,-4,-12,0.625312392066038,0
10,-10,-4,-12,0.8178235104245322,0
10,-10,-4,-12,0.9200779069763193,0
10,-10,-4,-12,0.8326337186746819,0
10,-10,-4,-12,0.6627732366248503,0
10,-10,-4,-12,0.5063806144214987,0
10,-10,-4,-12,0.30477317245747604,0
10,-10,-4,-12,0.19494087278080577,0
10,-10,-4,-12,0.15471971760510692,0
10,-10,-4,-12,0.23732194990349464,0
10,-10,-4,-12,0.2892826161912073,0
10,-10,-4,-12,0.4548924182259831,0
10,-10,-4,-12,0.6616468399118473,0
10,-10,-4,-12,0.8767902068577237,0
10,-10,-4,-12,0.9479625540658918,0
10,-10,-4,-12,0.9578535884913361,0
10,-10,-4,-12,1.0763812112913607,0
10,-10,-4,-12,1.0614638031458556,0
10,-10,-4,-12,1.0344255796277695,0
10,-10,-4,-12,0.7726440139088769,0
10,-10,-4,-12,0.6148175893056637,0
10,-10,-4,-12,0.5027671204367264,0
10,-10,-4,-12,0.4476160909525448,0
10,-10,-4,-12,0.4302759318901474,0
10,-10,-4,-12,0.41297919166578745,0
10,-10,-4,-12,0.45090845925686046,0
10,-10,-4,-12,0.5253246432124267,0
10,-10,-4,-12,0.5910100744260206,0
10,-10,-4,-12,0.6785975947408472,0
10,-10,-4,-12,0.7127453206596589,0
10,-10,-4,-12,0.7125901121483302,0
10,-10,-4,-12,0.6643927381886782,0
10,-10,-4,-12,0.6248451514189225,0
10,-10,-4,-12,0.6195471036441141,0
10,-10,-4,-12,0.6875296461202729,0
10,-10,-4,-12,0.7046856451227249,0
10,-10,-4,-12,0.7420874592585376,0
10,-10,-4,-12,0.6669762615976248,0
10,-10,-4,-12,0.6576630087852333,0
10,-10,-4,-12,0.607052571156169,0
10,-10,-4,-12,0.6694326503622974,0
10,-10,-4,-12,0.7005171939655858,0
10,-10,-4,-12,0.7273373521208192,0
10,-10,-4,-12,0.6781490702264238,0
10,-10,-4,-12,0.6215200694786839,0
10,-10,-4,-12,0.5541024466504076,0
10,-10,-4,-12,0.5359898934447634,0
10,-10,-4,-12,0.5652616186503615,0
10,-10,-4,-12,0.6237617335028517,0
10,-10,-4,-12,0.6381747278952256,0
10,-10,-4,-12,0.6562481573939203,0
10,-10,-4,-12,0.6656995791926789,0
10,-10,-4,-12,0.7001476486854386,0
10,-10,-4,-12,0.6869002016054306,0
10,-10,-4,-12,0.6438826146970001,0
10,-10,-4,-12,0.5842249686043894,0
10,-10,-4,-12,0.5924553368070465,0
10,-10,-4,-12,0.6197231536623992,0
10,-10,-4,-12,0.6759030249307539,0
10,-10,-4,-12,0.6994504551444658,0
10,-10,-4,-12,0.6942145741527478,0
10,-10,-4,-12,0.6695821380643642,0
10,-10,-4,-12,0.6172511328996318,0
10,-10,-4,-12,0.5818473598114338,0
10,-10,-4,-12,0.5667810464361448,0
10,-10,-4,-12,0.5712538281870546,0
10,-10,-4,-12,0.6278861984204026,0
10,-10,-4,-12,0.6837742775845168,0
10,-10,-4,-12,0.7240371822066604,0
10,-10,-4,-12,0.7156708731608973,0
10,-10,-4,-12,0.6737576018447511,0
10,-10,-4,-12,0.6503451910644596,0
10,-10,-4,-12,0.6565506664495936,0
10,-10,-4,-12,0.688416924697019,0
10,-10,-4,-12,0.697963701678905,0
10,-10,-4,-12,0.6582720687227567,0
10,-10,-4,-12,0.6205871689490693,0
10,-10,-4,-12,0.5928832732695836,0
10,-10,-4,-12,0.6187582923947438,0
10,-10,-4,-12,0.6047192120990025,0
10,-10,-4,-12,0.6360359560398376,0
10,-10,-4,-12,0.6342312206258329,0
10,-10,-4,-12,0.6577006196927652,0
10,-10,-4,-12,0.6394054078667369,0
10,-10,-4,-12,0.6487704421977333,0
10,-10,-4,-12,0.6512625727129172,0
10,-10,-4,-12,0.6702291731962643,0
10,-10,-4,-12,0.6426484513932832,0
10,-10,-4,-12,0.6550637665253748,0
10,-10,-4,-12,0.6501992099103767,0
10,-10,-4,-12,0.681991688854378,0
10,-10,-4,-12,0.6707620982889475,0
10,-10,-4,-12,0.7992086676196207,0
10,-10,-4,-12,0.7222780418994343,0
10,-10,-4,-12,0.47859254796536427,0
10,-10,-4,-12,0.2342319075442483,0
10,-10,-4,-12,0.4097621715642581,0
10,-10,-4,-12,0.6774180995460449,0
10,-10,-4,-12,0.8255690633351499,0
10,-10,-4,-12,0.7548357691395914,0
10,-10,-4,-12,0.7422777104270258,0
10,-10,-4,-12,0.7383180736558345,0
10,-10,-4,-12,0.7246203653074897,0
10,-10,-4,-12,0.7392224526709118,0
10,-10,-4,-12,0.7006685407461193,0
10,-10,-4,-12,0.6641471255199242,0
10,-10,-4,-12,0.6345045679939855,0
10,-10,-4,-12,0.6540021968266209,0
10,-10,-4,-12,0.6829457078208061,0
10,-10,-4,-12,0.7254311780154835,0
10,-10,-4,-12,0.7786901744789233,0
10,-10,-4,-12,0.7493065010845711,0
10,-10,-4,-12,0.6167760832118844,0
10,-10,-4,-12,0.4700578953137769,0
10,-10,-4,-12,0.45139007219295485,0
10,-10,-4,-12,0.5803295510835286,0
10,-10,-4,-12,0.5426494363271698,0
