 0.7171235392875965
0.5771270019671769
0.6663994623707776
0.7339775960502932
0.682880623024638
0.712597179741615
0.6980450452630648
0.5770631413830531
0.4841955018708469
0.7624181198906977
0.9496692662408778
0.9948865479727965
0.9936484141483467
0.8753135094554569
0.5572417501491198
0.43353104090534283
0.4879330626216255
0.6786371708349391
0.6304681015595341
0.46365965391049235
0.562457713871328
0.6776789228990299
0.5555528094415412
1.2796491611651042
1.3182033372443638
0.23158509558122392
-0.5648089003836896
-0.6443753651909205
0.3576755186078427
1.174580526550851
0.824534507327354
0.5146284849403724
0.4550516989552868
0.7230016232946862
0.9375309601899919
0.41354983587173555
0.726482459585365
0.5631421088221911
0.20168224408261412
0.29330822176658405
0.4729363181296079
0.536095483216387
0.824374990491861
0.7260094196646508
0.6138611650385645
0.589074692246597
0.7557299876415304
0.8313023757716247
0.6800466097336417
0.6315122667316293
0.6546809693901489
0.7714741470113131
0.6434977217585971
0.49176303471597416
0.4073513035382508
1.7074854013879244
1.619397161852365
1.3960225403355089
2.3318678005755773
2.4565545076117
2.2226367620007856
1.7484091270675983
0.9051162643812652
-0.4320456917895422
-1.4679842951123487
-1.9979726184076594
-1.351566034200589
-0.5080563842290917
-0.28787984855885795
-0.22860206456828097
-0.6940023043601606
-0.8315399844590932
-0.6200518223169096
-0.0235807979188297
1.3840467744805074
3.107786795028023
4.227891436787467
4.415804963528802
3.607072299324328
3.9296478620056137
3.168095736271911
2.1791903224153284
0.9993975003105457
-2.852893012574159E-4
-0.17605552184257806
-0.28428449292481056
-0.5872701519265557
-0.9140191163701313
1.5756557567202516
3.199107220725986
2.446809350518583
2.655596026619678
2.4308919534601237
1.852895587266532
1.995401771184231
1.97649101904309
1.804629803070755
1.5168585309526652
1.0582673970640424
0.73106906034404
0.39384700746648554
-0.3878114468962732
-0.7595593371999588
-1.1290555864500105
-1.065922008561421
-1.6726824058213232
-2.7308689679979787
-3.3522196463792056
-2.4367722114513377
-0.27579323682680457
3.838980110975739
3.032083544522481
2.4181944371216733
1.9319410971667292
1.6301491690034111
1.2213453371307421
0.8680254456352555
0.5726113010749446
0.10058571575792348
-0.7206230851228297
-1.3564543149893833
-1.8459444552605777
-1.9476443759431497
-2.3332409383615254
-1.6687601850184883
2.6058383788467574
2.3785153975178845
2.0961219322211067
1.8987554610391375
2.0873655651016536
1.9088107587972871
1.5364993743324273
1.038815287123445
0.6230426095227578
0.29414238621636213
0.14017072569068273
0.034517532805512015
-0.07371380286788091
-0.31599062501317265
-0.4949673277085022
-0.668764630359665
-1.103639569584613
-1.5921274388505604
-1.9559948119124115
-1.2473463626803756
0.09553937161563023
1.382709291081876
2.3206146543507726
2.963415186806462
3.0296628842373456
2.7023752544527584
2.3448983758619906
2.1511311465302305
1.959575691182566
1.8549770800550924
1.6099749183788858
1.211892219047632
0.6633563793102505
0.1898546329908335
-0.028190551162947358
-0.30872297371694374
-0.622958581474839
-0.7943402432172089
-0.8065152612091007
-0.9260727914711449
-1.4247167823025542
-1.7639543482672504
-1.4717578738629906
-0.07499734235140294
1.42389433162993
2.2406614532109805
2.4677265160781596
2.658363782119471
2.7634258825144613
2.575762812710786
2.105515853464156
1.7830954176445935
1.9843813812089937
2.0424866956520766
1.7699767873940533
1.4010694269423094
0.7279809461212181
-0.23717012279910143
-0.5735971307818051
-0.3417771460306664
0.004965993967420146
0.4670368977338904
0.0778791590669213
-1.0193043981399388
-2.528957190023104
-1.703883335169221
3.3826964270027475
3.779067731514079
3.583378629423033
3.164798634866971
2.7484471183340924
2.4281179158437904
2.128751061321704
1.7229509888907812
0.8800324155332591
1.3755247263021366
2.23157853383129
1.9761112174869297
1.6712090062458682
1.8654832921354374
2.368569874130611
2.7917522735251548
2.9528402751215923
2.7364617746537956
2.274030849201234
2.125521187620803
1.6780949143959407
1.2301223920951627
0.657541667559495
-0.09454012574917116
-0.8914673740031314
-1.9421444176539648
-0.666509484667066
3.863284789211059
4.4554796314671465
4.524001156578902
4.058081000370018
3.446073027698676
3.0217512408481952
2.6350018443989307
2.1059980207428417
1.4915025756388924
0.7887036065916503
0.09169678226985126
-0.5703282516732098
-1.4121386357165995
-2.179391377457398
3.4012643007208814
2.977596463868758
2.8921314134146545
2.860171619784112
2.829138045744009
2.7754833577647084
2.366329363513273
1.5707844798852875
0.9503430788499007
0.41687245633922565
-0.33324396944774237
-1.4312660791680443
-2.0105794473204734
-2.1116770469654162
-2.5979729168644683
-2.6428216887140126
-2.8078803912827612
1.6386131567464008
3.903256567725644
4.793566410302804
4.7970069127407395
4.144185493004387
3.753544543816838
3.525617497298884
3.47595262458555
3.1173197936259265
2.2098468320715097
0.8272687265988157
-0.5306252916146713
-1.5548590099611428
-2.040301252728509
-0.46023614418414105
2.7962738284661346
1.9780195737236574
1.6828943787942485
0.6400454451399279
0.19847966279601717
-0.15048590167766646
-0.30766849739067464
-0.4836607592719181
-0.6862211598240113
-0.776516190697325
-1.0891774352560313
0.6072360640850569
3.865398241980278
3.3552978246946674
2.8223955717969913
2.1764358602707583
1.6845855332883424
1.4024484137016713
0.9067757141630507
0.010525450956489001
-0.44560162730410646
-0.14177991941945872
-0.03861996445919558
-0.5494834657957391
-1.3430181028656532
-1.7943779938927051
-1.277824903880513
-1.1672753181325142
-1.3017790389719235
-1.430964118549427
-1.357914685908753
0.7860894324234542
1.7089600241871818
2.3168475879561186
2.238749420635073
1.9576065652952146
1.736364163519513
1.4043275379405482
1.064524054462945
0.958990836954553
0.8719994367330051
0.7772537514445469
0.6038633193534478
-0.08657633860155686
-1.2366435401925486
-2.2764950031843325
-2.777991028687907
-2.1926896362897046
-1.074542644234138
-0.2505208980361332
0.0272925772421589
0.9082130336181361
2.2099504729355397
3.318363728636166
3.8499620125788687
3.862760684714142
3.4565121714777214
2.996814881037585
3.003065049789681
2.9025468693622036
1.7456587614417551
0.902641518139449
0.27014553998738217
-0.3053631300349967
-0.8260047843971549
-1.4248669552487672
-1.836578411887143
-2.0136046291434897
-1.5950473576951407
-1.4891515042438186
-1.5039908374552735
-1.530010833193677
-0.6089257879913712
0.9902649724682451
1.9300449091923593
2.0088909848083114
1.6022727107577723
1.3108218915791714
1.192204829534934
1.3115807018236911
1.6173569960847956
2.032547297195278
2.4413831633547494
2.2561943261044655
1.7749513797886185
1.4270209412815862
1.1626179209096286
0.9745704064291063
0.6934156957448098
0.28047076364175694
-0.17769988223290392
-0.29705542533854234
0.01021400041132868
-0.09020677550576803
-0.4421025342823651
-1.1491805970526423
-2.432310907973851
-2.777684264079175
-1.814304340690209
-0.5629877345258378
0.2969418832966766
0.42170826350727236
0.9002451069231462
2.005010896970832
2.7597303817169476
2.9629428102664384
2.960404644795183
2.727896881471911
2.5337397858185056
2.3276107317707506
2.010531254521166
1.6241293883046712
1.5138903320498642
1.5128445446116061
1.5175411398842387
1.4126395324773335
1.0704014938276873
0.36441893834127465
-0.4526854058649715
-0.9661919097202597
-1.2514557212946915
-1.1399454473314141
-0.5822670620243191
0.026741760642481814
0.08278817726801364
-0.5315727684107864
-1.0194704007543007
0.8978504378980418
1.0445340206365545
0.9123082523592391
1.05534175605888
1.443807303255206
1.9375522523892894
2.11015070961951
1.9752203883839592
1.8914816502179619
1.8619250907389877
1.412173980025963
0.8625205067023769
0.45628273507848
0.14711686216674438
-0.12903792331932884
-0.23839664626612533
0.0441982637148603
-0.10773602114419437
-1.2123015740715612
-2.516305756800626
-2.8996313158579925
-1.7105227997629613
-0.3620891957282642
0.8858953799352589
1.7210313861676174
2.0470296891863504
2.6904957586741696
3.3126519614668246
3.3368653486190567
3.2943662024417293
3.0344826071278397
2.5190800825272066
2.111823924584479
1.908937489813222
1.6824627818562337
1.2541207524322697
1.0281593555939668
1.5745936389150903
1.6325602079248884
1.5777741539488783
1.781793122351392
2.598040792776362
3.0260636581151275
3.231369949315203
3.065512539190867
2.3966917690129947
1.6959563870487997
1.2116999484364563
1.0511091976107134
1.0617426525164897
1.1797716502705653
0.8650164818376466
-0.15278887136509395
-0.512412019436331
1.450959190911615
1.445822794114165
1.0092868456413115
0.819746719415579
0.5269100830257282
0.17961971902209592
-0.5760778562671153
-1.7317092717074676
-1.8368589716742796
-2.4367234797843773
-2.5048700309796326
-1.6688570734196868
2.0226374635101485
3.6207059358034144
4.919933851641174
4.818096134672412
2.69153309001599
1.6545742314450524
1.876670792424569
1.532043727812662
1.330276434274888
1.2086389052260833
1.0947179129368751
1.0513487382024806
0.9691635676664914
0.8430179025332803
0.28985861073625185
-0.4384260108783467
-1.1273639044242167
-1.3819121459348913
-1.4551788671947061
-1.562781223180529
-1.3453041179753764
-1.9111987297330972
-2.8118403601923254
-2.3781383550364934
-1.4392626101997283
-0.4890017361742286
1.3296348251636538
2.704700289583491
3.515714080785788
3.7880770044408267
3.6841789942806797
3.2652163295142436
2.5823394344745116
2.284978031951374
2.11653144487995
2.0064237873422037
1.0849354978203563
0.3241429733367826
-0.07895065666068893
0.18774269666401033
0.39036662017893475
0.11701710029174724
0.18152122325193287
0.0042983246693419465
-0.6889581441591662
-1.379295045304863
-2.8255777554303174
-3.881767791576247
4.529291114974797
4.048456888430185
3.4101490776160523
2.9629260131810318
2.4871568419646133
2.259534573767931
1.7769225454965032
1.3054523803555393
0.9625969289345674
1.5473585747817533
-0.07374099210525162
0.20223789684478105
-0.44487041238995567
-1.1365616312254994
-0.9798306182255458
2.487505041796249
3.0515925085972357
2.9149087498839963
2.553733094279518
1.9526717531432365
1.4534759591083273
1.528586961193631
0.7851256559062876
-0.33133275774276183
-1.3407283534510563
-1.5783500102643457
-1.415702228278389
-1.6686127724822097
3.9492740065265073
3.340714688022954
2.339774602360538
1.1369107628493595
1.574090086796006
1.482777475922962
0.7751061415289209
0.035077883085020786
-0.7001653669274895
-1.0186540072762575
-1.7019865575973523
-0.7430688128698363
2.805881113975473
2.520368961208195
2.5525187506658873
2.3469334955336394
2.321577981395874
4.742521977981326
4.742429470589954
4.655832329661797
3.787125083443449
2.236889900895835
1.0096662296317527
0.36889202093324425
0.3130934591233995
0.14968874285747275
-0.15164487119878042
-0.1286171230866724
-0.4623880872130184
-0.4783043867506144
1.6013549791806276
1.1829525816765611
0.7363129264951643
0.5205260131558733
0.44941589002033033
0.26364507482035654
0.029727429772875756
-0.32224238885404316
-0.6315314036256119
-1.0068977169675901
-1.7654374263501231
-2.783357509010834
-3.460830029383159
-3.0845135319625276
-0.08561623709417017
0.7170096024564665
-0.3804452340626951
-1.109730742130265
-1.2272086260072501
-0.8410895329454278
-0.558094926306634
-0.42813447650008546
-0.15777599987963425
0.5226929498970041
0.4850708821476643
-0.8522855952191657
0.5144437853584704
1.694850375656103
1.1802481823659718
0.8554482587135347
0.8983656719894526
1.1164478125178383
1.155462580558119
0.9131753614860605
0.07115165934495528
-1.4198666548736518
-1.959088634793602
-1.3993761402242182
-1.2550249652474488
-1.7731598211788555
-1.6589068636218969
3.1863484897348893
3.8915203843102004
4.34243187081405
3.855396746299216
1.9062539801498748
0.2548907768026161
0.008720402698741974
-0.3843949044439511
-0.18179486427165853
-0.30289238413105063
-0.6452528568152454
-2.384030023456303
2.095489710724994
2.4606861520064176
2.491140777823833
1.4630765416481122
0.43076576616082163
-0.42304955980039666
-1.1168500168885551
-3.8718928806554525
-3.8857299686986893
0.195284213395097
3.355677822795203
2.606929775223855
1.9426676792958588
1.3226644813289228
-1.4804142867580758
-3.69039999057397
1.4579906532850369
0.9487680032556616
0.33485592125637853
-0.39142330876592374
-1.0595796136278626
-1.3613387546111286
-1.018859695794088
-0.8958414474991125
-0.9032162036187928
-0.9611399340759244
-0.30358392649245486
0.5962313192945473
1.6140058931111185
2.9170386777448463
3.73586824560736
3.763819804840068
3.558778038039443
3.4332140253882435
3.371676421703671
3.06686613548884
2.2949129742238092
1.4129371264230086
0.32651682227061496
0.4477133828299615
1.9556943514433243
0.8114371968865557
-0.22328155366834168
-0.4808537301674439
-0.6009791246957688
-1.2290936738597504
-2.1405249467409986
-0.048260343475261
3.058299216488967
1.5985861431356934
0.22531283965507556
-0.7148101473997346
-0.5946866079315309
-0.03879439510161599
0.8103108394521816
0.6139663739944587
0.48644232077173066
0.4615840570266723
0.09749404351416935
-0.5703290872361171
-1.5937762321826736
-2.8374356759949197
-4.0229168102989075
1.637052471737674
3.9860132705279754
4.366945166401125
3.604229761506564
2.359352718929185
1.5256508923786858
0.975279654426406
0.7344618784706763
0.5807521456046464
0.4650331462485555
0.20231163357030657
-0.035124995698752604
-0.5422262130129053
-0.9983942062307909
-1.2467416588640503
-1.022863186848523
-1.5678187538621549
-3.429010946154677
1.3971461436202843
1.4030614394740872
1.8257718712733477
1.4524595272034202
0.6620106893191139
0.2904878104348761
0.28293751520411936
0.26433329578914105
0.1023184331473553
-0.1840785677777122
-0.23297686765077655
0.14299093808597912
-0.6707265588485356
-3.5593729921941657
-1.9686199335549737
0.030676442395389174
1.0788713754532193
2.929282981419963
3.9156716517838674
3.5407874760434845
3.1890356594357465
2.709757477142317
2.0014777086465174
0.979777765489052
0.6067381051585483
0.7935584123506481
0.5999758154020218
-0.0028240431399014
0.004479110212842752
0.6943790265922261
0.9144076653200397
0.7169299285220717
0.26589156573685735
-0.302753232759767
-0.3197810576362506
-0.08114583212988048
-0.3297812756088871
-1.5581608117041355
-1.6509823582061034
-0.2869371793999442
0.1625183229270487
0.13037591335011162
0.6322037950370978
1.7135687512439932
2.9057413505641074
3.512117970407723
3.3501529901398492
2.835840620635482
2.66944138714908
2.7142957595438943
2.8647279046969985
2.8115439486462632
2.486114955568151
2.261012869981473
1.4718144151472845
0.2331289256644431
-0.4813467541924087
-1.2755294883634647
-2.059211155892559
-2.398365094995725
-2.8755809540655446
-2.4038912554955467
-1.1508798443576038
0.5242140790753194
1.6773401953306162
2.3537605629033025
2.483151038873417
3.563316638147169
4.89590971113315
5.823660678159306
5.621222894963137
4.264336186934523
2.7124758068844765
0.09886042469432903
-0.4127518289399803
-0.31558086857211476
-1.0727082700762582
-1.458091495100375
-0.8772792462581538
-1.1231165079968075
-2.5329789315237834
-3.6338850219936694
-0.29541599160426274
3.3573295256762057
2.799629120865014
2.1047009884047294
0.774801739927026
-0.12760435384374338
-0.3113440511103092
-0.444715081156801
-1.0498596936477456
-1.079304445767081
-0.39153325653928456
-0.33742928157410923
-2.413172788078538
-5.421867644651431
-4.99021578076063
2.3528674065078823
4.193664172395222
5.244355114507371
1.4860803207026236
1.087841927809443
0.9434488888359669
-0.304073803472237
-0.9090109484523433
-0.5600202432856745
-1.342054214811035
-1.91584647666128
-1.897928801853272
-0.697609643412251
0.5425919105034076
0.9399800574388406
0.992793680380824
1.4579281726034012
2.318862039495896
3.3403139622601445
3.6743093249664236
3.2972911053151903
2.711779464127493
2.036956900358338
1.4833027320569236
1.1938391932807018
0.8686660752278825
0.2740917014306162
-0.020649092260676925
0.22569975331749353
0.23980809432429046
0.00642616994660844
-0.29715758407840126
-0.46595459641480924
-0.6622076930018711
-1.3498580465299113
-2.1903212338273255
-2.9421979387152772
-1.9033796109671197
-0.1980613598676201
0.9365621554417591
1.2533735748468273
1.0065334084830793
1.8011839915705061
3.0823059261138357
3.77560092831614
3.737406757518388
3.2723477547886652
2.349847511442884
1.381039597043561
0.8008742377181639
0.7960946821302884
0.8270116975300998
0.3502080292791173
-0.2311853904550297
0.1342968639882122
0.24212559025774255
-0.32241717871006664
-0.7043491872764589
-0.8696437224941727
-1.3199650359293529
-1.6634810111077638
-2.0087681741654286
-1.2989426947941882
-0.2182284465170957
-0.43408103787095687
0.8299516205396908
0.12259880062827264
-1.2854855475358875
-0.2567912412282617
2.1905160211572965
3.0556033264218945
2.9034827262733502
2.627320443678224
2.7100845919070067
2.6042399022412974
2.121055542038969
2.026005282432542
1.6617404864307754
0.9852012101535088
0.6248627342383497
0.65567224074742
0.470806484846224
0.1358381878182786
-0.2132499387055194
-0.4769474324096514
-1.1264961717676756
-1.9537933582110156
-1.3328316439589725
0.33108037814279295
0.6928076891310668
0.05635666367927529
0.5721078528849881
1.9190828956022543
2.5581407122853665
3.2082561409544015
3.061612046395635
2.296991202902602
1.8422053410728725
1.3126339054374512
0.7130332412461268
0.8059564806627618
0.986511318390184
0.9429396982192655
0.7122428114624173
0.6009052944350427
0.3210911221085522
-0.12272003469951723
-0.6200849397818322
-0.5184262482137072
-0.32110940801969334
-0.7548859987430945
-1.5318165813424613
-1.8293207997489251
-1.565803583293115
-0.8959289520517831
0.12477381493488415
1.1514890096648522
2.3138366841229723
3.1819913917484115
3.6810854484947484
3.471474823879428
2.774486139068091
2.0223095357637986
1.1768828720222815
0.6342059388391652
0.7634179547955972
1.240759794991622
1.1366762635211205
1.0817654812014266
0.95285246836851
2.3571616015408474
2.6280766816117245
1.822822283319559
1.1936407437000107
1.0027351579858308
0.9957877583814193
0.9715309772828498
0.7370436737057726
0.6517704773401152
0.5625762346349339
0.522257908795946
0.4400006032772999
-0.35496571175142455
-0.8810516054733109
-0.5020123444671162
-0.429281599559127
-1.5162842846140236
-2.780767262970965
-2.054313204852799
2.9439124051599537
2.553235307957592
2.0811497070448426
1.7038059202602196
1.4731896298865166
1.46312623522835
1.5545430823467128
1.6423799066230376
1.555973244278153
1.4089793518626457
1.337212310980171
1.0431323473621736
0.7831563356656248
0.35188793068357616
-0.5288061792493229
-2.1424785662096855
-4.625547299892547
-2.7263667248687975
2.3974807264713736
3.7490853223995573
4.501256661393803
4.764907813129992
3.9178623083347626
3.1155817837159185
2.0414741085010872
1.2754117629873771
1.1916810695316409
1.2201549100844005
0.9859347717306
0.7650243628029277
0.4567780658479575
0.2804158053630779
0.09165269175082631
-0.3169680557654305
-0.972061646697137
-1.4484477620041631
-2.3579832307418145
-3.3549759074559447
-3.241070188785625
-1.1715974238319569
0.08966531660681966
0.23041909758393953
1.237537421373093
2.7517601659087463
3.674852916388563
3.816685687795342
3.511731383875495
2.936769002507088
2.1741407849135377
1.580880307224199
0.9138912363499738
0.665128120321308
1.0106933946559913
1.004197493513929
0.929758121640797
0.657171492493926
0.19558722240806023
-0.09031559316219262
-0.4244406700627802
-1.0303791394831208
-1.034071405901769
-2.3170386270670833
-3.2989427861913
-2.7806972847383786
-0.7559650056853275
0.5585916327268301
0.1616372222637582
-0.43291633556201986
0.6377720245768284
2.7107550913121665
4.171724416394752
4.39209614872099
3.5892572705621264
2.582438180987471
1.8089955846818249
1.203855736531612
1.0293530351441709
1.168927293896108
0.95642395376628
0.7356083363943593
0.7047614612984663
0.4610099644129183
0.0021855155705460816
-0.29153530890877716
-0.4862016775240302
-0.731608964264067
-0.8227551308508054
-1.6905259538741482
-2.8324681784927863
-2.964168317344083
-1.0983579028328307
0.032725273832448255
0.7507479438351687
1.3479309723390398
2.011814721359081
2.4677570165248555
2.6865686716034936
2.7373553490850706
2.7260796623836914
2.3191418589532353
1.9402783670934884
1.7328786392726165
1.5570761759648857
1.491670640258827
1.3515969420822027
1.1031858289038636
0.988578723043287
0.6626461637330717
0.009636154451655655
-0.8970139180443549
-1.317749894018309
-1.1366864565001342
-1.7880924646202092
-2.300521015535536
-2.096760824359615
-0.6825814594738353
0.09183782098109132
-0.12911606169855186
1.6274031463556937
3.6678099114697402
3.6131640876952225
2.774904471708846
1.9657732609865353
1.5073496900799825
1.2160384829822743
1.354663114456764
1.2741939083203042
0.9269965791777801
0.7829175271935587
0.6057820038997676
0.45392830277910007
0.0747280442413525
-0.3748701229858934
-0.7041707135522458
-0.8999476703182816
-0.7240300981346153
-1.0879035477357861
-1.8503407873770228
-1.4648166143876562
-0.38728821240212835
-0.0031428996926746054
0.40851301982952093
1.3123336416355862
2.4936396837625923
2.922424006348491
2.6361949236850037
2.1776397470950304
1.678316565639248
1.2272605091482727
1.2858501196799368
1.5523950650876708
1.6720165624476344
1.4311971886574195
0.9208742232459969
0.6348957134768929
0.5516066177016358
-0.0518690295342797
-0.8061618941907567
-1.1015936417669923
-0.9928575705971383
-1.7234088256575095
-2.13730957755581
-1.6433015813893561
-0.3750964226164202
0.2936829558116455
-0.23987067250597427
-0.4683931067425898
1.0517450858383701
2.7686436144492568
3.5468849249920766
3.5527606739503157
2.9731679169901724
2.039432040473264
1.142325761316991
1.1157930262722473
1.4975930176565686
1.464508779673468
1.3784682156493033
1.1595512248590767
0.6562981565448734
0.5175723516799906
0.24802211954435016
-0.25926543368652677
-0.7494945339159351
-1.0904067038127239
-0.9069169384564081
-1.4086202780894612
-1.8850977936137518
-1.956482013874109
-1.1052609340324506
-0.19770857842484582
0.42864392808284596
1.300630661906753
2.2170645287045136
2.709687675785932
3.0935585839482362
2.990337451231729
2.500659030658981
1.918371671674778
1.4904583267443645
1.273766602504168
1.444344346573726
1.5636705567001992
1.573972493838313
1.637439197636985
1.5290259714309855
1.1851773955320408
0.2161540965006671
-0.6944279423271592
-1.2840422242869414
-1.2405686449490536
-1.9982687452472057
-2.682665781967491
-2.8868783505041096
-2.159100555417615
-0.648553064854972
0.43504831644110037
0.8733645607944519
1.4779778752769317
2.428071199775987
3.3604978861332837
4.01165439862938
3.9900861668307264
3.356685235088335
2.2944386085329067
1.14259565108722
0.717729454239912
0.559988095711548
0.38553584194300783
0.2179616430284311
0.14139265689312397
7.751034819467207E-4
-0.09032745235745196
-0.2582332983072536
-0.5644799929823574
-0.8731039986308933
-0.8711741303017513
-0.9993913052158783
-1.6826296115518005
-2.3213228870223745
-1.7388538367362814
-0.03105137829612834
0.8472477777454529
0.8765768884120362
1.2362383937169497
2.1765911270106577
3.1147388040530735
3.346495386329864
3.2210966636113056
2.840153519629875
2.191846273963322
1.8630650502752766
1.882925943201617
1.7243382349764045
1.2779783802177556
0.8032960784730923
0.45561979397316066
0.21645220329168618
-0.3199185070133922
-0.8530318843278936
-1.2771777839178395
-1.5936591894636098
-1.8613900109792176
-2.518481657424745
-3.153710081516455
-3.096220482277812
-1.9927412963878814
0.1975174912502596
2.5535484631966403
3.05123263873832
2.6417566907618864
2.768155544380548
3.325249252812502
3.446816975236531
3.197151802303666
2.7717607225700793
2.2819358539886845
1.5831668606514826
0.9233167751602709
0.24989246868484613
-0.2788908674153882
-0.061478749916775446
0.3809808033798479
0.8320603517070644
0.8796320609045845
0.5231725690389888
-0.027704381204422302
-0.406509343692848
-0.6814505191226692
-0.8745926475646307
-1.7905311731266154
-2.8020893121720514
-2.934086809909741
-1.196044023287202
0.7825075074622694
1.0860451253117833
0.5101311285846841
0.44909181584740177
1.5844570295440856
2.982413083930064
3.670063548042313
3.588007293165532
3.3288229359967083
2.709028422755163
1.9071408058438337
1.6747603211661009
1.5512067852821634
1.1915734392841615
0.7309406118982492
0.3303678377644529
-0.1591389784718757
-0.2757820544119617
-0.08901314498841255
-0.19984337376080666
-0.5275097338554247
-0.6116031078231312
-0.39322713069807935
-1.1229222005691541
-2.0885150217840347
-2.2933752211757428
-1.0517990286743502
0.7666255814443259
1.4426362140471745
1.2474627292911629
1.5526824950547593
2.7023392370483714
3.8041245161806985
4.264851174055696
3.898992959705398
3.112891224257393
2.214391878678037
1.0289818415959084
0.32998635726981707
-0.03027073126164556
-0.4459698136029314
-0.5992738136718196
-0.37250343406402175
-0.19493152723241952
-0.09066631817125972
-0.32809713241744215
-0.9173952661279804
-1.3399314632746795
-1.3007675254724895
-1.290770671375069
-1.4714538290370895
-1.286689953126123
-0.7931189152709864
0.34014400484781054
1.2734695270272627
1.4493317228492946
0.955828114537624
0.7248790793687201
1.2776135448723336
2.2868024715276354
2.930802330750793
2.9117063801680865
2.718174426603141
2.7118487732818912
2.435802779201107
1.9920262163100841
1.5771653452660872
1.0451603948000312
0.6333211906130831
0.41398908109601973
0.3278401886015117
-0.008253234554124462
-0.34062254037350553
-0.47586892795021474
-0.7819044150042597
-0.902243500541986
-1.531423895512829
-2.390496938696252
-2.8016668775876163
-2.4563307174963156
-1.0749322658588942
0.7912547544524149
1.8846864623079793
2.0683806848683104
2.4862874849795995
3.2091365071861326
3.6831914224018503
3.6721844798858543
2.929741517562494
2.0616184422481543
1.4173330166884388
0.7659005258257661
0.5520078069888308
0.5827481008861046
0.37981114671235644
0.14071191820585666
0.07092039540268322
0.4670811830387772
0.7852951845838657
0.6244115549462529
0.34594006553556245
0.03872243798175343
-0.08492587027010072
-0.19119551510165173
-1.16351690275104
-2.7102486190348385
-3.163949635186776
-1.7273820661400539
-0.17115901877963213
0.6590847624396097
0.9670598100826988
1.4902971226372617
2.3177478906097946
2.8242408641963035
2.995237506982883
2.7591691594838776
2.4968717376166345
2.1110681988789417
1.7148966989448264
1.6485466434646425
1.6715973332180512
1.5439147710059693
1.3912783786078466
1.0946018631229486
0.7329288341956973
0.4528028608599648
0.0641299153883467
-0.27906616547750673
-0.5162133786245473
-0.6506659275231561
-0.8576558077521186
-1.5181767125786692
-2.6810107023846603
-3.069692571647297
-1.3860550320965488
0.0769449410301132
0.3612865831883236
0.7920769796197972
1.476287379733256
2.5156343159902055
3.2762248614366976
3.4980435201972506
3.2570352391135478
2.739687249510202
2.0237295592055533
1.0336747785328049
0.4054173155748849
0.2800656454147788
0.579243015864903
0.603164008666021
0.5619585954289343
0.7630023628399909
0.8977612784804909
0.8433415053445461
0.9051131564226005
0.8506310179414582
0.6653693488552566
0.51657023345369
0.1055457436022208
-0.2315213421634965
-0.05263301663705211
-0.1285289443668919
-1.558306567483759
-3.1842848785007782
-3.5336935751165965
-1.4122978311825478
0.8586992462493022
1.6736981211369213
2.0456359257419043
2.5434656025703335
2.844867073456767
2.7029082053111906
2.3527582558487206
2.0761770160300346
1.7687449075828714
1.751372356761585
1.702864442808906
1.6569046689793674
1.3990886759909849
1.2137382545124122
1.0220485518864262
0.7009656279778154
0.5304925829428958
0.24518022781588517
-0.07924105691497363
-0.36879406225789096
-0.5524181297453934
-0.6188276779110407
-0.5867514694525934
-1.3586593433546608
-2.3338401450552815
-2.663516933730725
-2.0478543381423187
-0.7268483609290165
0.48324568227513043
1.4615554459133133
2.0371644831542417
2.507343914911918
3.0698942975080517
3.309341677083858
3.174192762885369
2.5760193212395732
1.7431923214016454
0.8039475443147817
0.24649128531762585
0.4607041789175459
0.8168755916273301
1.1026056499497314
1.4245734074099397
1.742385539830929
1.8971558117276675
1.9143599893931036
1.2344475765031282
0.04161615240144173
-0.7153969782541918
-1.0611297455858708
-1.1259651566051667
-1.1127948472789067
-1.2563135747793848
-1.7861729966849729
-2.4128729751115214
-2.3853640500390347
-0.9602738697390881
-0.08175249388907475
0.36534153843302253
1.4515179218887486
2.5771913081452515
3.0800931470589576
3.035919955873365
2.8220177110001616
2.648472012603655
2.481500413553561
2.062571898707184
1.7687838688746962
1.6247639636214501
1.4023264218260407
1.0883092364367297
0.7727275759029115
0.5988895438874897
0.7423698386792983
0.8999611535512498
0.9318982037915433
0.6380028325337783
0.056435365395187384
-0.25594155072072655
-0.1410415519212671
-1.32331326943177
-2.722957606186429
-3.1538251669735944
-1.8261594266260595
-0.21125494837678604
0.35724591646421866
0.7400268581818865
1.027096404405182
1.5758106586924674
2.3517251051430343
3.2315924655867123
3.4287017837020293
3.022979449419581
2.5005953296055097
1.770292938863448
0.9575704249010591
0.4820856341071944
0.35628506564436674
0.5352130656500262
0.5946328645813136
0.747901264677707
0.9099400955223882
0.7382394155736698
0.21644214236711204
-0.2458246828190891
-0.44621603998147813
-0.9230726210243301
-1.0836029408414694
-1.7885010881644114
-2.430508499178736
-2.297027260026522
-1.281860178192141
0.03418683955490912
0.5979214844295679
0.862109248044475
1.4455176581012545
2.3438301582272065
3.0363356837168576
3.398367156109302
3.1188739869202555
2.7347667767778043
2.1834976298483286
1.5833875982343664
1.3485896983714638
1.4034467380409594
1.4812198604310294
1.4029551282766004
1.1590183069865823
1.0797455298267533
1.1615414982346646
0.9838960423629406
0.46552743573266325
-0.28847781066035727
-1.131733553174275
-0.8150999301199523
-1.4591469867704618
-2.35824216137917
-3.051285486041035
-2.566847103338152
-0.48257136553833646
0.9355158188145498
1.0828435736050583
0.5698639725687795
0.6285850508763107
1.7647379184961356
3.097763736446721
3.9518569969205095
3.947998317936051
3.260078771849823
2.3916560926622106
1.5817153242226998
0.5233201919462005
-0.2488003281803431
-0.5442051819527914
-0.3857440767014854
0.36764669562136376
1.17661594973857
1.5188963122208077
1.4298235938835264
0.945337403351741
0.5915071595909578
0.18890208343790457
-0.4368200908339417
-0.7998904576237853
-1.529765433722916
-2.3118023290870324
-3.1043894435046533
-2.083605198808852
-0.260669715183938
0.3167064988539091
0.5248840271316967
1.3638586391591254
2.13319259266716
2.463745527866974
2.8695833030557276
3.1789183219268793
3.2163153934856323
2.824467377170378
2.4381421313038385
2.317125191412773
1.7752497436662282
1.1713523183768013
0.7145410633316679
0.3830471177915125
0.44374957883918587
0.7861436522670319
0.5517345646326461
-0.07978831830014654
-0.5749005353349376
-0.9377354777358955
-0.8157577386525418
-1.5243351187797516
-3.0512935549106777
-3.624961625433625
-1.4742985096496022
1.076592219203016
2.1518074394443323
1.380851349783926
0.5536848095478242
1.5447219659049984
3.0867053265006983
3.7701228845708927
3.8510107495018353
3.0830387184775283
1.6522427653567988
0.5454551797159592
-0.2365319111841774
-0.5970111119750753
-0.2551017546376926
0.23340643708669298
0.689577621340557
0.8286760409059155
0.7748257718414066
0.8915328926660532
0.8938588331120488
0.6698948717186793
0.6028018918057108
0.414824933950646
-0.2661348876397598
-0.6961081132249846
-1.6369753820030783
-2.893553287032203
-3.6583973027796644
-2.6052559791912655
-0.08130995864308847
1.404074348809743
1.8502606965080353
2.432662533920936
3.255622967668171
3.66225477859833
3.7228791974949877
3.3482208426773132
2.711936303854263
1.8569881386129428
1.4091260232606988
1.4703613167314447
1.9249664057857294
2.2625942679853575
2.0996214768522328
1.595022905697456
1.0159173852298173
0.46420862415615305
0.20328492790715075
-0.10088616105132833
-0.47760394498365805
-1.4570811253849871
-2.4420719529214296
-2.486837485959788
-3.228810637586318
-3.5832057549117
-2.5239779250047563
-0.4643874959663504
1.477785450009394
1.779883598965867
0.48061311823038294
-0.20668391689893434
1.1163141163649801
3.0930435933259006
3.6905723227050764
3.518877423808154
3.2159972630003013
2.5558744575767873
2.010817886312378
1.8902037944327486
1.8818303953299094
1.747350320436197
1.4524537932743105
1.1969189121516308
1.0441194346752694
0.8113692228494045
0.43866894174895704
-0.1794587325691924
-0.7194415649493966
-0.9044074935553116
-0.616042175013242
-0.3005303925100543
-0.5067223612755882
-1.4577529909476001
-3.410957191516451
-4.8139976837360035
-2.4094935904289514
-0.1750621239917741
0.5676359881656348
1.443213861754441
1.9935190436365207
2.526050115412795
2.721982944912683
2.72513081877926
2.6084490927367474
2.3697367285827875
2.255293510685184
2.137662626348642
1.9048222330174738
1.5567914901933493
1.1130768607267107
0.8448031501748001
0.6771030557888086
0.6842964317987016
0.749564962284609
0.6945798549281247
0.5458209832741223
0.47934686348869704
0.2351766860228802
-0.06535661826218389
-1.0342343903568072
-2.00816565167429
-2.0503302968143173
-1.0161674595809138
0.02868331376646342
0.47549862186308767
1.0509063103145442
1.4900474265745012
2.322784722927048
2.992947069989876
2.6779827312836155
1.924220799144821
1.5909707805557267
1.480761842161273
0.9122919102223239
0.3273083102143547
-0.13110807730425816
-0.019012146226517083
0.6051261045600727
0.8534537964182173
0.4927923788848781
0.16993014631103218
0.2346021876805071
0.07319510234330143
-0.44212831824687404
-0.7208672614834745
-1.2516170049423383
-1.6126326598571488
-0.6264780443308553
0.09675672796077593
0.4471995613840226
0.99109309932701
1.481386382726896
2.1028812601305313
2.8025289377700817
2.9739261781076882
2.777998942134429
2.1172178392338354
1.2757227369105224
0.8223453514522447
0.7422549308377361
1.0991522228521324
1.198892125556117
1.3366413146008438
1.3437808364182484
0.8637344686861251
0.6745409750601379
0.49033153602286
0.1281479436494704
-1.319675590158044
-2.1274961774576253
-2.0959895816155716
-1.3923888859816462
-0.4893258165750754
-0.019464680425302163
0.25805583988000486
0.8885862492997159
1.744595334880391
2.558931181960161
2.934924726915481
3.1243114563830168
2.527785766104784
1.531129515955158
1.131927918959364
1.071287040415545
1.0600306563747321
0.9594617275930328
0.8442931987255617
0.6365471777966158
0.4138497213561928
-0.16313755985772213
-0.9544019486477395
-1.4267303358997636
-1.3617134948415732
-1.1477745516520277
-0.8692881932154517
-0.3996157878659835
0.4623432750248699
0.7056549727335065
0.59233170285317
0.7046157317052584
0.9858168341705568
1.758753049540762
2.750251288817788
3.3966670002718238
3.5044482771295273
3.174418014207526
2.7080233637504136
2.1777591239964784
1.7801455893746692
1.3548576266104158
0.9200671187047549
0.27041551643300404
-0.7340705549043107
-1.6874416814152038
-2.0058699378620153
-1.558558806853913
-1.5241844411620875
-1.29385436436531
-1.767566733234475
-2.619609439558716
-1.5090308322153883
0.187061217281481
0.8366358638845476
1.7686938815877067
3.142513882723436
4.503805802111012
5.183931062675986
5.209466056166443
4.1022671882910275
2.743947749520128
1.1330971212478522
-0.17721721411793145
-1.19679049441172
-1.9693191547977906
-1.2755623831650316
-0.32640124640936524
-0.4860883817598509
-1.0169459758336532
-1.125290572625159
-1.1374528938589497
-1.8786747793848277
-3.0206207311725453
0.9218293436300982
0.847415699388311
1.6479417718379554
2.717014981935755
3.4225278786455
3.657104006497684
3.736906550203237
3.6174063821775575
3.144698486244973
2.5483247594324467
1.9633343360731028
1.1336487357651706
0.30626560143187537
-0.5796896825198908
-1.5775264438558736
-2.567146837945362
-2.9766984647651844
-3.1220463148116737
-3.163409101406299
-2.7864958402590077
-1.6807897566666383
-0.10439861741436789
1.0558208468328303
1.7349346796842036
2.397201363149178
3.5550019758605176
4.53368305800087
4.833391172214084
4.367945083994853
3.250006763963738
2.134269822235658
1.3480745690879599
0.7199844260441036
0.04533836279362081
-0.6101746120459814
-1.367721786466521
-1.69014734755152
-2.2223608901844445
-2.590887947655861
-2.1927120723931774
-2.432606035783006
-3.399846856539468
-2.2581731903328346
2.395761033419002
2.416270671238384
2.65888225231499
2.907427294430461
2.9007432799856154
2.7983831004136674
2.9894429015519095
3.007398869263028
2.645331414281723
2.294875714454869
1.8358909309128602
1.3880814876585883
0.975541324392904
0.6941621449233067
0.3048222508083633
-0.6196592820754014
-1.7124694788212136
-1.9233511709787687
-1.8935845611677014
-2.447391280433035
-2.982686260293589
-2.593421959648019
-1.0016461030701524
0.31614684403189075
0.9113886465158643
1.6378385751152513
2.493400836595525
3.6678408851903144
4.3246421233988395
4.048204532833206
3.092520335986888
2.071318759025528
1.0134994885725888
0.02965474435838138
-0.4405786185381363
-0.4273924738840077
-0.26896761779108724
0.07310802403737146
0.4199138652125994
0.6224903669141636
0.5214348524169112
0.3026399150331912
-0.02252549014713724
-0.8375460210295745
-1.3959308015256693
-0.8955731360075303
-0.8618068647880701
-1.2364324076895061
-1.8610246488176059
-1.0450509725376957
0.6176304671671312
0.5984464238177478
3.1473689607217072
2.7006250988211966
1.5929082365503846
0.5314646793841753
0.047812823992030073
0.4046675023725309
0.7448619456439962
1.6732114381661947
1.4856174724256206
1.0149723268867052
0.14806077025725764
-0.5577096827162927
-0.23528905150195412
-0.14249613645278436
-0.34065957900204724
0.480019832331182
1.16283540304362
1.4154671886956396
1.1934774314138354
0.8183164681579898
0.8749906111299582
1.0426399254078844
1.0284311475586878
0.85604778018938
0.5867698690554354
0.4093276697377126
0.5651429539146895
0.7238508788029759
0.7446474848279753
0.8557386798917133
0.9614265744756534
0.858674552028449
0.6094167726111361
0.42791626622371315
0.5241233002457196
0.6335863029812205
0.5312328723690604
0.5495521992398767
0.6072282130487132
0.6614475143272524
0.7750193525537457
0.8671196937513326
0.7588173838097012
0.7266926966118437
0.8150020902714198
0.6015041573855144
0.4001020002549286
0.46639530871625556
0.9832978381234836
1.1340895197407308
1.126743447113666
0.6662497682065043
0.7054170241623589
0.2822379528355896
0.42434250137381413
0.5233806978531961
0.9282139769711035
1.0018758564492969
0.8301438875085573
0.6658814120661913
0.49229441029980225
0.36096602089850294
0.06105908617412287
0.16279751126979153
0.2403025553714063
0.3088657830692862
0.3186795101329295
0.7371319614757337
0.9291290481268788
0.9641096109705586
0.950649003100238
0.9588021514032115
1.3196924793706324
0.9058967786637231
0.8776874808489528
0.5343477822139548
0.4324175048540835
0.541536074242141
0.3688946937614097
0.3803970276668914
0.48964585356906126
0.4826824965346287
0.60364557953359
0.6867021472098429
0.7454450574791092
0.7060887572900246
0.6862365216758566
0.6008529356001534
0.5874459969807578
0.6703423783514312
0.8048005630286298
0.6389139939881138
0.7825478207588693
0.5794669700458911
0.6109742355509397
0.6307165078716761
0.7666072076642765
0.7042278663608046
0.7111769823373766
0.6190423619810901
0.5343408641175851
0.5089241138525479
0.5647047023641574
0.6221560397343795
0.6844244584100182
0.6079436855412792
0.6763763282304635
0.712778723806294
0.7112878940195582
0.63663398699044
0.5837259630810023
0.5323149557417259
0.6613250915984112
0.6655294136470602
0.7008545695467905
0.7319673822395468
0.6498217706719058
0.6269572612816401
0.5749743667453499
0.5436104514073111
0.5817583211557733
0.5883927119980792
0.7135075621073553
0.7494225586481159
0.7091814258645097
0.6884086349700664
0.6236827446996771
0.6389441935236354
0.7070250611254686
0.7192815194419527
0.6675845244692938
0.5879501622570233
0.6062268201208909
0.5844728374308363
0.6655752196325043
0.5641095792336666
0.6784230692533422
0.6601610133904902
0.6345177764344634
0.6235374337752574
0.688256116383479
0.641994167980015
0.6804372352252989
0.6055139509745355
0.6792401133762898
0.6658435653803046
0.7008913878065396
0.6455513416799983
1.0511832733723245
0.4700995106459801
-0.08550514012221193
0.3181013521089768
0.9966903027060093
0.7174626438231486
0.7625542434762916
0.7844904201193337
0.6797884676854524
0.7506753331627173
0.7433972950742994
0.7235947297757187
0.6350135973883396
0.6338330493957142
0.6346670571979028
0.6935064838862457
0.7206635823782696
0.7621234677819354
0.8532834732765651
0.6325125621952129
0.36453221416387505
0.4131289095822428
0.5765090928327465
0.7513506508355964
0.30008856531316613
0.5107925881937785